100.000000 100.000000 100.000000 100.000000 100.000000 
97.299172 105.986478 103.124608 100.221702 105.042858 
95.356552 101.061236 102.624213 101.086022 104.798361 
95.669927 104.707219 97.573762 108.423598 99.715996 
94.798315 102.566101 107.020736 104.516074 97.464093 
99.397688 112.034191 111.351757 105.498959 102.809215 
99.894634 117.661291 110.298357 99.173912 100.269624 
101.007856 114.426479 105.001120 96.319307 97.928394 
97.112642 120.143106 115.618284 99.651983 97.136889 
97.564909 116.472858 115.477167 93.879259 98.796561 
97.858132 113.296074 114.323907 92.483384 102.748002 
104.697503 110.886688 114.751865 95.489554 105.491264 
101.708352 113.015324 116.938240 99.167094 100.814925 
97.546749 116.830596 114.963130 100.387499 96.827604 
99.478337 118.615026 119.501830 95.437160 91.638823 
96.274514 119.650783 118.702706 93.106278 89.571413 
96.594820 113.420246 109.985653 100.682089 89.658527 
94.913182 112.909152 110.323213 107.026743 89.530400 
91.711247 111.124030 106.121585 108.829701 86.963364 
88.809646 116.574705 103.122591 105.206126 90.177957 
85.892623 121.692776 106.760259 102.973730 86.309158 
88.098226 116.517971 112.000342 100.032441 90.256788 
86.002828 121.026817 111.058718 100.199952 92.154567 
80.650122 127.714116 112.710194 99.777331 93.212264 
80.554973 118.868887 111.930906 99.795391 93.677512 
84.103987 110.807117 116.725669 99.254831 96.260268 
84.544995 116.706112 119.915707 100.357878 92.070216 
84.587058 117.053957 124.890832 100.364844 91.876054 
86.354785 115.214927 120.224192 103.829057 98.470399 
83.377287 112.604374 125.190148 110.314550 100.596653 
83.500315 116.429685 125.099440 110.613772 97.047349 
77.548899 111.977335 141.416249 105.192034 97.648735 
76.736302 120.521144 140.709743 98.372175 100.069242 
77.247896 124.541499 141.311589 98.741136 101.098629 
74.342409 118.426071 146.058151 99.635852 99.657123 
73.390381 109.623875 144.324304 102.478343 101.878159 
72.594207 115.427308 130.241957 104.227181 103.546754 
72.521645 111.849514 124.955771 101.143764 107.092547 
68.768852 108.984188 127.235387 100.774877 108.587661 
69.142194 109.973399 127.291751 99.789837 106.077527 
69.677924 106.060618 129.375525 100.562415 107.761331 
70.419016 104.619084 119.362285 100.865828 110.156516 
70.089475 99.835142 118.993810 101.131640 115.492772 
70.523335 104.849563 116.526588 100.552423 124.490164 
70.015531 99.398296 116.250041 99.279703 134.028137 
66.298006 97.496821 125.496796 98.214256 137.061588 
67.986120 97.878912 129.695217 94.348640 133.753921 
67.228577 99.352425 135.746704 93.054812 132.068775 
71.201352 99.530076 138.636866 100.807390 132.029764 
72.940822 101.129179 134.115671 101.508852 127.373508 
73.558037 101.894082 141.798336 102.195243 130.757716 
74.721085 102.673525 136.820996 97.649010 131.852963 
81.228125 104.866746 136.450952 102.097311 138.016972 
82.766453 104.420238 134.271455 105.621081 140.845739 
84.609457 109.967743 145.804174 103.262090 145.259346 
86.888172 109.259691 152.937163 94.982527 144.806303 
90.130089 111.687901 154.934941 94.864550 155.443944 
85.707494 111.048333 155.812409 91.655470 155.480375 
81.957241 116.146787 158.927704 92.124716 161.982307 
76.178421 111.204158 160.403756 90.245043 162.690317 
75.029349 110.899393 159.248541 87.804446 160.297041 
76.305732 105.865542 166.914411 94.299886 157.798738 
76.515863 106.880790 157.267188 88.160452 158.582738 
73.463275 105.950390 164.063554 87.966811 153.225069 
77.653537 111.318187 171.376075 86.933131 150.677998 
78.971220 121.353895 171.007017 83.465969 137.723830 
80.361148 115.136497 166.168593 83.977339 137.236513 
80.212134 125.906050 170.860340 84.517312 132.495093 
80.445020 126.851126 179.367947 81.994308 129.799775 
84.423559 127.726363 181.884989 82.689766 128.355444 
80.421395 126.474928 180.272383 85.453193 135.962376 
77.098888 128.243273 190.409887 88.317344 143.141727 
81.509419 133.961189 175.860813 84.939930 154.040101 
86.764778 133.706263 169.732056 79.616718 160.496088 
89.128482 129.002086 179.421033 77.471489 169.204274 
88.903254 133.229722 173.136190 76.992745 167.541655 
87.946320 142.324686 169.518507 78.060294 169.266832 
89.200216 133.892671 167.891815 74.452177 164.796729 
88.079935 126.618416 168.093367 75.581349 159.930754 
84.408829 120.608688 177.140378 73.884433 163.193641 
86.047026 121.802716 179.142770 74.687301 163.484936 
85.026181 120.281590 177.655233 72.719829 162.403661 
85.324459 126.098800 168.429690 74.182775 159.038658 
85.268548 124.825814 168.213052 77.279063 162.643129 
87.062230 126.467595 156.742376 74.284929 165.392597 
85.639573 132.027592 150.532942 73.914612 167.649779 
86.487588 133.250670 147.184018 73.456260 165.801592 
84.410577 135.889540 155.536278 72.365407 168.706788 
89.179230 136.937925 158.335419 74.246166 161.956754 
92.202685 133.406587 153.727408 69.549803 165.384126 
92.177904 126.850667 158.705780 65.873714 164.346896 
91.713029 121.287293 159.506422 63.156440 157.335084 
92.606555 125.788643 155.873861 60.691502 156.193584 
92.627240 125.452623 152.352117 60.052331 157.741850 
93.775635 127.040752 157.091487 60.034589 150.258431 
94.939268 127.281970 151.414995 62.971673 156.883452 
97.885673 120.399979 150.532597 61.344161 156.947584 
96.204455 113.557614 151.985469 60.129392 161.947325 
98.067969 120.409366 147.441342 58.218811 156.308164 
92.194419 114.747822 150.053223 59.665967 156.501704 
87.227570 112.971090 145.697904 60.733855 166.599611 
88.567777 114.875093 152.213510 62.105909 148.739455 
92.842452 117.851521 154.478552 63.956114 148.908980 
98.062612 112.209745 159.561194 64.101803 153.432452 
94.977161 111.541918 168.504035 64.578372 157.626525 
91.806918 108.944922 174.082716 62.104044 158.192520 
88.057969 109.520413 165.620827 65.759572 153.278713 
88.786313 112.297762 170.972976 64.061823 160.832270 
85.123292 116.902153 173.636072 64.294638 159.218145 
79.120106 125.569059 175.109819 66.347253 154.388686 
82.598925 122.092430 163.266947 68.255223 151.426562 
81.708369 121.063652 161.177616 64.967307 139.629990 
81.974600 120.364350 159.526332 63.376559 140.163074 
87.200406 116.982379 158.067580 65.716326 150.366804 
82.192348 125.075475 155.606992 69.051471 144.040761 
80.865012 119.930322 156.619980 65.635432 138.781882 
78.510372 119.784798 145.466318 65.740403 139.152870 
79.578125 122.092287 142.630882 63.342369 141.966942 
80.782091 125.895637 146.279323 67.503502 137.476723 
79.098867 125.989484 156.637065 68.267042 136.818452 
78.068447 122.111326 143.663004 67.283611 145.831976 
78.255939 119.325864 144.311429 69.156756 148.307093 
79.942576 120.675896 142.677556 68.741299 157.486510 
79.582949 118.841994 148.521652 65.725880 158.542280 
76.217450 118.179021 154.429218 65.780712 149.640763 
75.691677 124.267379 150.950172 64.234000 148.572876 
70.962101 127.372114 145.663193 64.520862 152.145482 
72.400476 135.240235 140.525670 62.276684 158.714021 
69.218937 136.331752 143.220647 66.251437 166.879280 
67.064093 134.090824 136.980733 70.760236 172.624613 
64.586555 129.953952 135.748008 66.604555 173.069960 
62.163828 129.025659 135.299787 65.911079 167.130445 
61.295772 125.278950 140.221074 68.069061 166.155929 
61.216096 130.315298 135.278799 68.113809 159.090360 
60.801303 121.493572 138.330323 69.975481 165.897740 
63.927820 119.903573 148.456888 69.990582 167.076729 
65.485626 128.376954 157.252415 69.725760 169.295886 
68.322804 137.707231 153.179056 67.390104 166.143548 
67.014471 133.620204 155.654338 67.847344 176.589025 
68.580287 139.300820 159.840945 65.167306 164.117426 
71.936908 148.721078 154.060278 67.671766 160.493167 
66.446117 151.756954 156.343413 69.853876 153.143359 
71.874404 150.005149 162.811555 70.890086 145.791836 
69.415511 144.890872 160.526130 73.269121 148.108461 
73.409459 145.889222 171.427920 70.014934 151.606047 
80.838795 151.140659 166.810154 67.810360 154.639343 
82.671539 143.968087 181.190507 70.491841 168.246013 
80.419958 143.761815 187.457960 72.219201 173.358460 
80.798793 149.557674 190.431686 70.589805 186.479526 
78.868772 134.840916 188.100846 70.861768 185.655765 
79.329801 130.942497 190.123147 67.513749 177.467454 
85.257517 131.720714 187.869798 70.579679 175.677825 
78.629125 131.772928 185.260512 70.224582 179.681928 
80.691817 133.260732 179.715696 70.265720 177.253975 
80.068664 135.568933 176.581764 72.668163 182.251106 
77.781999 144.941145 185.203546 70.965109 184.683196 
77.910311 141.416459 178.228152 69.056501 180.185002 
78.889779 135.161289 200.681769 65.814876 183.618421 
83.892701 139.188365 199.098768 63.664308 178.261676 
80.501120 137.618591 203.905417 63.058627 177.241784 
84.397171 142.373846 203.428732 61.329632 178.786578 
86.277863 148.781271 204.802494 63.978642 168.171325 
86.664994 146.724591 189.187640 61.974958 169.483995 
91.755099 142.205722 196.169214 57.800230 175.705526 
90.692757 135.542124 190.307443 60.371144 181.073678 
92.537976 133.164392 185.867974 58.416611 182.196913 
93.947149 139.440818 180.384436 56.587065 183.181518 
92.269328 143.957343 171.585341 56.773947 183.498603 
96.353149 149.055258 165.036595 56.222606 190.374632 
95.101548 154.571432 172.350118 58.220526 184.895269 
94.007467 159.313473 174.905554 60.172715 186.751444 
93.374343 155.361712 177.160558 57.360540 181.143240 
90.065745 156.047107 177.696920 56.019251 174.437321 
87.691392 154.271598 177.506373 52.489936 175.266769 
82.834868 147.079713 167.721998 51.441907 183.115907 
79.525433 155.404367 166.291116 50.390894 199.218781 
83.735980 148.116330 166.737631 52.007534 204.176565 
92.804807 145.063055 177.240548 54.708136 210.639831 
90.481480 140.533438 173.672366 54.685115 209.363128 
86.898531 139.201987 177.040165 57.260262 213.748255 
83.668949 140.368340 174.445254 54.113657 206.543146 
87.253325 144.831076 165.013587 52.951158 228.606514 
88.387685 145.065184 157.948255 52.287278 221.992113 
95.477818 146.735485 161.011761 52.052532 211.659172 
93.845235 149.974006 160.731266 51.758880 213.505111 
90.300257 146.321706 170.240567 53.057342 199.858108 
91.660626 138.106853 184.179735 51.228786 199.651912 
92.692589 133.606701 195.447770 51.727842 206.935440 
96.094270 142.018803 197.054571 51.541733 214.331780 
99.216770 141.026659 196.744898 50.540792 213.834719 
99.478054 148.620963 200.949874 52.915879 222.096317 
100.061655 147.163177 207.100527 53.384208 242.720185 
107.140087 143.434464 211.794269 49.648693 232.433540 
115.963757 131.820267 213.985610 47.174033 232.208305 
119.222518 135.680177 219.960918 49.744914 245.243431 
112.765153 136.503854 223.726397 52.383919 251.961482 
119.035260 128.532503 225.936412 49.907237 235.044919 
127.989007 123.504057 231.046197 49.330199 242.471629 
128.547380 114.458983 222.936398 49.464200 251.707921 
129.973458 117.677458 221.439477 51.430267 247.586150 
136.654546 112.379028 233.017126 49.879555 246.202807 
139.145057 107.827849 237.550018 49.167088 242.444754 
139.766388 110.800406 235.194080 52.588384 257.710409 
136.856592 111.364597 234.967180 55.616095 247.656942 
145.600905 110.700122 230.799692 56.901435 227.778423 
150.896255 110.748107 238.156476 57.742501 246.160955 
150.017507 123.005945 237.697960 58.883825 247.901682 
151.552770 125.905572 231.124524 55.929695 249.778854 
154.165256 126.198033 250.720028 55.321179 240.608488 
160.333211 131.105909 241.792306 56.571589 242.588216 
149.591856 134.889507 241.215471 56.384415 240.653584 
148.764190 128.037309 230.081621 58.006688 241.480431 
148.472698 134.370423 211.308105 56.938557 244.228473 
155.611201 138.985665 204.192965 53.518534 246.850395 
161.462411 138.852281 196.743880 54.050192 245.991029 
159.156038 145.981300 204.738192 50.022261 251.737919 
164.562577 149.952528 207.856951 50.381703 238.173267 
157.070779 144.604695 210.824728 51.050681 219.174404 
153.765139 140.991280 218.750860 49.514861 227.581572 
158.607982 140.228638 221.968536 51.831979 224.987356 
143.214460 132.412471 217.651386 49.363648 221.860247 
143.635551 132.476169 213.096574 48.934465 221.484485 
142.027431 136.748199 202.472117 48.896277 223.618967 
152.095691 139.648405 206.846121 49.525382 218.656069 
153.145147 140.550264 211.884435 49.466341 227.420386 
158.647026 133.955897 216.933368 49.601028 212.928993 
162.542123 136.293503 214.901457 47.615239 216.459208 
173.680336 139.713564 204.817633 44.118237 215.893955 
166.258911 143.355168 210.488747 42.773158 225.054546 
155.480484 151.215735 212.196900 43.468791 223.331012 
156.195318 153.453487 216.612562 43.781464 225.864726 
152.082379 147.131616 232.573336 41.735313 233.583425 
154.757657 148.477515 234.080202 44.757863 239.651432 
150.977807 157.543410 228.696961 44.152530 225.050991 
144.833407 155.698142 217.034672 43.749391 217.655348 
146.849568 161.522828 211.981751 44.452038 222.784489 
142.092016 169.371941 221.176210 43.543685 221.832450 
143.910145 179.457493 212.935266 42.785678 222.928724 
138.443295 182.757783 213.669901 41.224938 207.164240 
133.039067 189.883587 217.226550 40.881084 205.245522 
133.641064 191.909661 212.154210 40.817265 198.454730 
136.757016 180.724405 223.126496 39.518008 189.912136 
139.641564 176.361745 225.405269 39.622473 194.292472 
137.023047 177.994047 222.838701 40.601999 205.467714 
131.857473 184.054033 244.825619 41.567494 218.441333 
137.132309 179.170162 233.843340 40.639616 217.159256 
144.953602 193.917141 247.411081 40.620924 205.465144 
138.804108 206.644114 240.096021 42.540712 191.805893 
137.130949 205.397768 231.495224 43.406005 190.053910 
125.534255 205.510772 229.905581 42.468870 183.691845 
128.642735 209.186578 239.774033 44.197866 177.434412 
