100.000000 100.000000 100.000000 100.000000 100.000000 
97.089662 97.019432 98.038052 97.147032 102.918994 
98.952196 97.108527 99.664839 95.368222 102.067250 
100.346667 98.087819 97.974141 94.672526 103.178648 
103.289847 99.145391 99.838753 93.555565 107.667788 
103.257914 98.169594 99.553065 93.779357 106.660029 
105.283886 102.591911 100.806797 98.090858 109.442298 
104.470229 100.166341 99.805170 95.220055 107.589448 
105.821972 101.295372 101.674179 96.770643 107.671768 
107.062380 100.209988 102.019049 94.886606 106.504353 
107.103384 102.503028 105.125211 94.991836 110.197610 
103.591142 102.159356 103.283808 93.895127 111.048872 
99.755578 99.031082 101.065262 90.763769 106.140960 
98.801419 98.251658 99.645328 90.605102 104.338046 
98.768543 95.420779 101.490464 88.931580 105.466428 
99.489016 94.948313 99.823821 87.294139 103.136136 
99.072510 94.973683 99.212123 87.418221 102.862209 
99.061787 94.576191 98.825969 87.902461 102.750425 
98.062971 94.595314 98.986303 84.928727 102.735884 
96.677239 95.547941 99.397633 85.496515 102.985647 
98.289535 98.422088 99.900502 86.418741 107.405735 
95.908524 97.523073 98.343337 86.156918 107.469987 
97.143327 98.985518 99.596974 89.370927 109.990758 
95.266886 100.001802 100.088563 88.352883 112.047065 
96.010919 100.313698 100.020261 88.551685 110.506209 
92.149412 99.023941 97.748582 89.323021 108.375683 
92.261960 101.718236 98.375584 91.103566 107.472612 
92.172927 102.257990 99.826928 90.004653 106.118189 
95.262145 103.458120 101.627610 91.061699 106.011942 
95.743104 103.299290 101.248463 91.695930 107.535261 
95.515279 103.590855 101.172746 91.911341 106.723541 
96.838630 103.565044 104.260039 92.193538 108.948978 
96.950358 100.589396 104.141693 91.560834 105.483587 
97.431804 101.611977 104.221211 91.296230 103.848054 
97.600592 100.518876 104.876500 90.055499 104.886708 
98.603345 101.467874 108.073164 92.692482 105.560121 
97.198259 99.510610 105.157132 89.967388 102.371365 
97.434872 97.909209 104.226674 89.073730 100.037808 
96.916380 96.296405 105.495806 89.220259 101.792024 
98.366811 96.245894 105.047277 87.503578 103.436460 
99.356434 96.488921 106.802492 88.314068 101.620730 
103.409948 98.360804 108.812133 90.176589 103.048467 
98.507168 97.931247 105.461513 87.049011 101.904692 
98.557375 97.734010 106.109192 86.213620 99.720920 
96.515525 96.008949 103.169384 85.910616 97.813332 
96.319898 95.696206 104.721855 84.999983 97.365551 
96.967928 95.168475 103.848967 82.741824 98.205010 
96.975572 93.636449 102.520408 80.859690 97.527724 
94.114972 91.707286 101.157841 79.189043 95.262915 
93.682653 89.387466 99.159136 75.669944 93.197711 
94.238896 89.803951 100.755023 76.780704 93.487380 
94.048965 88.924921 99.804096 77.426616 92.275214 
94.579590 87.530923 99.773530 76.333304 93.713636 
94.244180 88.524529 100.612539 78.338212 93.593426 
95.220238 89.720101 98.663423 79.070004 95.120076 
98.667050 91.965195 99.968142 78.856274 95.768110 
94.943439 90.381027 98.789407 78.039716 94.674856 
93.666525 92.298222 100.694946 78.521635 99.390310 
95.203249 90.807935 103.739256 78.830533 99.785125 
92.512124 89.046195 102.499705 79.085759 99.624885 
91.322605 88.410883 101.612133 78.879109 97.275044 
91.829120 88.979316 104.209628 78.267175 96.301499 
87.520555 86.459724 104.197925 75.628013 95.119970 
85.590827 84.562293 102.371259 76.786820 94.933350 
82.846631 81.393819 98.980490 74.005667 92.245027 
80.875963 77.472044 95.841820 71.573126 90.621330 
79.700300 77.977625 95.942780 72.265819 89.900756 
80.733329 80.804435 98.632688 75.153067 91.084664 
83.363186 83.389701 99.140432 75.957970 89.928629 
86.970563 85.391467 101.215397 78.021633 93.123447 
88.484836 86.654241 99.464647 76.869519 89.305262 
87.066931 87.938651 98.363931 76.173376 89.812930 
84.643260 86.278588 96.199980 73.046028 86.912729 
84.224849 84.013814 96.257606 72.280051 87.038569 
82.597286 81.143781 93.573794 72.231092 85.521649 
82.490449 81.692653 95.188890 72.182082 86.148335 
83.529473 81.646277 94.418006 70.863183 88.315057 
83.426590 81.255571 92.361268 69.874803 86.989899 
84.237007 83.150234 94.836145 70.222016 90.531357 
85.976513 84.314295 94.852098 72.607326 91.341661 
84.278070 82.376653 95.489204 72.118641 89.560409 
83.873787 82.317875 96.056721 70.669312 91.803157 
82.283426 81.253543 94.750810 71.543372 91.058720 
81.054629 80.655486 93.675305 71.995227 89.307896 
80.269917 79.588541 95.035919 71.497422 87.856051 
79.717185 79.071347 94.658723 70.932926 85.037032 
82.798788 82.556101 96.360353 71.608543 85.445674 
85.460197 85.437527 97.092923 71.238742 86.578523 
84.091663 83.533160 94.182025 69.626262 84.723083 
84.510059 83.469945 93.517099 68.755258 82.557573 
84.649736 85.227935 93.561034 70.261515 83.691671 
81.814686 84.008861 92.443085 69.660633 85.996347 
83.219864 83.588053 94.800628 70.095374 84.627451 
80.307984 81.389315 91.507459 69.110298 82.945713 
80.459399 79.404244 90.166296 67.466354 81.403795 
80.913370 80.704860 90.038947 67.922495 80.754965 
82.877473 81.973901 90.251698 68.828031 80.295488 
81.223540 81.974331 88.350462 67.233189 78.856428 
82.854662 84.452355 92.235099 66.890042 80.518737 
83.012682 86.719876 97.110297 69.672977 82.204599 
82.709210 87.728356 98.483678 70.657091 80.805045 
83.219333 89.243242 98.673611 71.867970 83.019376 
83.662457 88.378543 99.692738 71.143804 84.163838 
84.768027 88.455004 100.897166 70.427600 87.024704 
86.517126 91.828696 103.021532 72.336662 89.427609 
87.887088 92.544658 103.312696 73.924254 93.388811 
90.053753 92.416042 105.151729 73.323081 90.909852 
88.465668 93.078326 106.074633 71.546177 90.824046 
88.286364 93.082152 109.112192 71.253478 91.545727 
89.770413 91.205906 107.215252 71.947805 92.948594 
88.636284 90.816010 107.390233 72.571420 94.037660 
88.468065 89.187086 106.332473 72.145958 95.589782 
90.040276 91.506838 109.765792 73.373841 95.595617 
91.082131 93.754496 115.513230 75.365630 100.474831 
91.161537 93.957984 116.935290 76.207920 99.745164 
93.741747 92.455496 115.999243 76.356941 98.440729 
93.416397 90.240800 114.936689 75.802941 95.752047 
93.310458 86.989046 111.447300 76.179825 95.454787 
98.155199 90.203054 115.307447 78.445877 99.283564 
97.465929 86.522475 116.943875 77.443437 97.716997 
96.180286 87.702749 118.142314 77.998866 98.380640 
93.446922 85.219633 116.928447 76.102268 98.347052 
94.864487 83.005412 112.249149 74.639070 96.494928 
91.866826 82.822465 110.992050 72.777148 93.402860 
89.715149 85.980021 112.039797 72.799638 96.705750 
86.286455 84.368628 108.978176 71.101312 95.262921 
86.983951 83.705797 108.219774 70.546633 94.010592 
85.955608 81.715223 103.801431 69.951857 92.186495 
85.900149 81.726497 102.883499 69.053114 88.929596 
86.768233 80.800798 101.102203 69.091664 88.416394 
88.647280 81.734612 102.581560 69.344912 87.207400 
90.529994 84.053451 103.455261 69.796479 88.256917 
89.274796 85.418881 103.793656 71.320847 89.823910 
89.580093 82.702464 103.653803 69.942953 91.669048 
86.780114 82.211647 103.131190 70.629288 91.307711 
85.471367 83.304200 100.717225 71.011266 89.161916 
86.013402 83.470560 101.084018 70.154484 90.528529 
87.998649 85.510289 101.051539 72.239283 92.402625 
88.658257 86.718942 100.994304 74.188487 95.253245 
89.339817 87.442251 102.611385 76.357217 96.457315 
89.431458 89.721304 105.315315 77.393502 100.666427 
90.601483 91.690532 104.119688 76.217972 102.212530 
89.840572 92.088349 105.732506 76.910010 102.860334 
93.124689 95.759200 108.858748 80.147582 106.360298 
92.428986 96.960605 109.613313 81.443308 105.818402 
92.049280 97.579843 109.614036 82.506588 105.068462 
94.228790 98.289386 112.096210 83.833212 108.430464 
93.354473 99.485694 112.601408 83.342564 107.999026 
92.255815 98.064012 112.689349 83.959683 105.903352 
91.950794 98.841429 112.374822 82.518044 105.491008 
89.728370 98.619005 110.960333 83.020228 104.055996 
93.284090 99.202937 114.768395 86.122221 105.706292 
95.012176 100.338716 117.122604 89.088711 105.932873 
95.199597 98.768337 114.612397 87.939463 104.902501 
97.059259 102.136508 117.815798 90.859736 107.805102 
98.822496 103.029021 119.636572 91.036926 106.931045 
98.679558 99.948315 119.878331 90.069185 106.954075 
101.316382 98.353918 122.666050 92.031130 109.935791 
102.636136 96.186368 124.321379 93.545582 108.839557 
105.992016 97.329873 124.732333 92.644294 111.005764 
104.336229 94.742351 123.340674 91.055553 108.539734 
106.707870 94.897266 125.513783 92.414006 109.665039 
104.219219 93.087060 126.089562 91.109407 107.262082 
106.280025 93.683418 126.989294 91.420233 106.062502 
106.714764 92.518660 126.871052 92.538738 107.811559 
106.365946 91.897543 128.496358 93.224422 107.090509 
103.853666 91.398752 126.394370 91.880902 105.654040 
103.032312 93.298813 129.450540 93.459937 105.658318 
104.248320 93.132643 130.805842 92.257938 106.607809 
100.886050 90.381845 131.609489 90.828620 107.111437 
101.257324 89.891526 132.472538 90.090989 108.645853 
100.502725 90.243505 133.042152 90.829082 108.210746 
98.020370 91.757356 130.815198 90.633621 107.125330 
98.310968 92.772254 129.120057 91.895719 108.600086 
100.391785 94.393564 129.408484 94.745277 110.925419 
99.866423 95.751730 128.862026 95.059399 111.577265 
99.633404 98.298219 129.636542 96.744192 116.452056 
99.366333 97.583950 125.550071 98.577821 117.189447 
99.507171 97.906191 126.126747 99.174446 118.631816 
98.803898 98.996758 128.161507 99.096141 117.023616 
102.225242 100.284269 132.828608 101.772154 117.943552 
101.629762 98.274511 132.500160 100.146163 121.194814 
97.537917 99.557675 131.800802 98.699238 120.538718 
96.462482 104.024481 134.802987 101.630708 121.583711 
98.385868 104.349123 132.575686 103.568239 122.486119 
99.597272 107.868201 137.504897 107.164036 123.450796 
94.451625 104.716269 136.051776 108.159089 119.973958 
93.866657 103.799803 132.731082 107.815143 120.297306 
97.210636 107.386897 139.087269 111.313106 127.215414 
93.969792 107.971682 140.830110 112.172782 127.970899 
92.361726 110.854555 141.505086 111.792069 130.043906 
93.379185 111.638748 140.402501 111.614082 131.948249 
93.802844 111.198900 139.597477 110.611053 133.819077 
94.632431 109.170759 138.102018 110.462151 135.769078 
94.986699 112.036050 140.014071 113.752206 134.293763 
93.275246 110.568080 137.922559 112.521349 136.112112 
92.503370 109.880593 142.617297 114.568720 137.977179 
92.946670 110.821839 139.933163 115.684259 138.216647 
94.048604 110.208547 138.506402 115.461638 139.567164 
92.773849 111.275392 140.363508 114.428398 140.448955 
91.615234 113.574603 142.204206 113.749504 141.949902 
92.436491 114.758693 141.094762 114.812467 140.868437 
89.837190 114.419509 140.376430 113.508980 140.114810 
90.130395 115.715809 140.675345 116.110356 137.410802 
88.421203 111.547367 140.911363 114.193442 139.333346 
88.974901 110.258360 138.049975 112.290819 136.033171 
89.040663 110.853509 136.212253 115.249768 136.602914 
86.875267 109.189412 134.130527 113.183637 133.209847 
87.973009 106.866376 132.752000 115.333415 136.489004 
88.217205 105.068318 133.639978 115.953016 135.410190 
83.571289 101.098401 126.746869 110.614959 132.627430 
84.860753 102.569467 124.286523 109.205888 128.709313 
88.103367 104.903667 127.789370 113.214407 132.994306 
88.307848 105.848333 127.146821 115.580570 132.390559 
87.937320 107.515845 129.495339 118.598860 136.419730 
86.808642 108.665961 128.415126 115.057153 134.554292 
84.890127 105.378098 124.651621 112.266040 127.822220 
86.122948 108.497388 124.299122 114.633084 127.861663 
83.397341 106.549821 121.934559 113.398141 125.555277 
81.815819 105.729182 119.663874 108.945127 126.202623 
79.477910 106.073770 119.235703 109.108608 125.609745 
77.195144 104.241219 116.899389 108.328346 123.566036 
78.788531 105.524528 116.979280 109.795309 120.978031 
79.060861 106.119618 115.377427 113.712252 116.776291 
79.435063 105.434878 114.469686 114.351116 117.738418 
80.225126 109.228400 117.322894 117.157489 119.429408 
84.498602 111.612300 119.553411 120.553482 124.077660 
84.918151 110.833250 118.036851 118.595447 126.545451 
84.885966 110.892050 117.622612 117.740800 128.326415 
82.976067 112.952426 114.693385 118.059160 127.418937 
82.204801 112.103350 118.210016 112.512815 126.754967 
79.535643 110.716856 118.688608 111.036035 122.394662 
81.843787 112.807059 118.753187 113.870766 120.357945 
80.988697 112.708930 120.299622 115.969539 120.660736 
82.202747 114.455210 120.577436 117.819949 121.403121 
78.531678 110.468706 118.287242 113.530491 118.667557 
79.832368 110.800134 119.110030 114.720583 120.850113 
77.621370 108.968001 115.262129 112.148749 118.346011 
77.918240 110.450486 116.764832 115.255649 121.376538 
76.853935 110.830697 117.899249 114.373796 121.357294 
76.803568 109.561340 115.353397 115.117615 118.717914 
76.210076 110.041699 116.740885 114.337962 118.543541 
77.430012 108.088262 114.953921 112.547008 117.196102 
76.889059 108.442642 112.333118 110.606718 115.364372 
77.367173 108.758594 115.590506 113.707750 114.153583 
79.159526 113.947000 116.828426 117.633391 118.583243 
78.620832 116.268266 118.693254 120.397433 119.242683 
79.650517 117.322552 121.863049 122.389745 121.726758 
79.764096 115.789528 119.123027 122.060638 120.343172 
80.811460 113.911198 115.530899 117.315481 117.918078 
78.939097 114.244955 115.218727 116.889802 114.624944 
