30,09	4,67	16,88	2,77	53,06	28,38	10,31	9,87	98,691698888	7,05	4,06	4,81	34,63	305,36840589	21,7	42,47	37,08	37,55	19,61	42,9	0,640304	1,44764	0,00733509	0,824451
30,49	4,68	17,14	2,76	53,85	28,96	10,48	9,92	99,39995115	7,11	4,01	4,9	34,91	308,0872215	21,47	41,96	37,35	37,07	19,6	42,44	0,641074	1,44993	0,00733509	0,822114
30,57	4,66	17,43	2,81	54,8	29,68	10,6	9,87	100,054254619	7,26	4,01	4,94	34,6	306,95801008	21,48	41,65	37,32	37,12	19,63	41,75	0,642112	1,45141	0,00736318	0,820217
30,46	4,65	17,51	2,85	52,77	29,76	10,81	9,8	98,707817252	7,23	4,17	4,96	34,62	305,951295	21,41	41,37	36,66	36,72	19,3	41,91	0,64262	1,44518	0,00733509	0,81435
30,38	4,69	17,87	2,9	53,1	31,12	10,69	9,87	98,855232308	7,19	4,1	4,97	34,88	306,78909579	21,46	41,44	36,4	36,89	19,23	41,45	0,642282	1,43932	0,00733509	0,808851
30,69	4,72	17,94	2,99	53,97	30,97	10,75	9,9	98,165173292	7,25	4,13	4,99	35,53	307,95622396	21,77	42,16	37,34	37,39	19,43	42,17	0,641447	1,42139	0,00723599	0,809006
30,7	4,69	17,86	2,97	54,22	30,97	10,88	9,99	99,601178985	7,27	4,14	4,92	35	308,05840164	21,82	42,98	36,92	37,39	19,56	42,58	0,641702	1,43165	0,00723599	0,809636
30,71	4,68	17,73	2,97	54,14	30,83	11	10,04	100,145591275	7,2	4,15	4,95	35,37	308,9601189	21,83	42,86	37,29	37,34	19,41	42,47	0,641978	1,44475	0,00723599	0,808902
30,86	4,68	17,63	2,99	54,39	31,57	10,96	10,03	100,368098524	7,32	4,13	4,95	35,86	311,54813743	22,11	42,89	37,4	37,84	19,45	42,45	0,642412	1,44796	0,00726491	0,808439
31,24	4,68	17,4	2,99	54,47	31,23	10,86	10,06	99,917006019	7,34	4,15	4,94	36,63	310,69249154	22,45	43,72	37,84	38,05	19,6	42,98	0,643576	1,45209	0,00726491	0,804611
30,82	4,63	17,14	3,02	54,55	30,68	10,95	10,09	99,28549617	7,27	4,13	4,93	36,8	309,24410022	22,29	43,67	37,34	37,54	19,57	42,76	0,643576	1,45635	0,00726491	0,803002
31,22	4,65	17,21	3,01	54,55	30,97	10,71	10,09	99,521217669	7,3	4,15	4,95	36,59	311,01434692	22,42	42,97	37,6	37,34	19,76	42,55	0,644357	1,46253	0,00736318	0,806698
31,13	4,61	17,2	3	54,8	30,82	10,8	10,03	99,48179794	7,38	4,29	4,94	38,27	314,7831288	22,39	43,71	38,49	37,43	19,72	42,02	0,644881	1,46468	0,00736318	0,80892
31,43	4,68	17,67	3	55,3	31,51	10,71	10,04	99,244039032	7,44	4,21	4,95	38,2	315,74985881	22,49	43,59	37,84	37,58	19,5	41,84	0,645356	1,46942	0,00736318	0,813013
31,13	4,61	17,2	3,01	55,05	31,19	10,78	10,14	100,05097173	7,66	4,05	4,94	38,38	316,51617117	22,41	43,84	38,18	37,92	19,98	43,24	0,645825	1,47306	0,00736318	0,818781
31,48	4,62	17,08	3,02	54,47	31,97	10,75	10,14	99,636444108	7,62	4,03	4,94	38,36	315,32798402	22,61	44	38,18	38,09	19,92	43,2	0,645636	1,47523	0,00736318	0,821723
31,3	4,54	16,75	3,02	53,02	30,95	10,85	10,05	98,222098312	7,61	4,03	4,92	38,19	316,93136632	22	43,63	37,42	37,68	19,7	42,53	0,644471	1,47368	0,00746256	0,819304
31,21	4,53	16,9	3,02	52,32	31,19	10,67	10,04	98,713857216	7,6	3,91	4,91	38,39	316,6659436	21,93	43,9	36,81	38,09	19,41	41,9	0,643595	1,47264	0,00743682	0,81754
31,87	4,56	16,85	3,06	52,98	31,43	10,62	10,1	98,113950428	7,58	3,9	4,92	38,6	314,9612088	22,25	43,97	37,28	38,5	19,7	42,77	0,643961	1,46926	0,00743682	0,815856
31,98	4,61	17,16	3,1	54,18	31,92	10,65	10,19	99,771631733	7,58	3,97	4,96	41,74	314,12000585	22,13	44,16	38,05	39,08	19,84	43,11	0,646064	1,46621	0,00743682	0,813677
32,22	4,56	17,04	3,11	53,56	31,67	10,63	10,18	100,169467212	7,62	3,88	4,94	40,63	314,75506074	22,33	43,38	38,12	39,08	19,75	42,78	0,646779	1,46658	0,00743682	0,813678
32,4	4,6	17,07	3,15	53,6	31,65	10,62	10,19	101,024832529	7,69	3,86	4,92	40,17	319,01333792	22,34	43,48	39,01	39,54	19,93	42,65	0,645647	1,46819	0,00743682	0,816392
32,3	4,59	17,01	3,13	53,31	31	10,46	10,25	99,630773822	7,76	3,86	4,9	42,47	318,80264312	22,16	43,23	39,53	39,58	20	42,23	0,644912	1,46414	0,00743682	0,817988
32,49	4,61	16,98	3,14	53,35	30,51	10,58	10,2	99,429353814	7,69	3,92	4,88	40,57	316,88870725	22,23	43,14	39,52	40,08	19,98	42,89	0,645957	1,46118	0,00733509	0,813265
33,42	4,62	17,09	3,15	53,43	30,6	10,8	10,31	100,261682922	7,67	3,93	4,86	41,26	312,225378	22,42	43,3	39,77	41,39	20,32	43,2	0,647628	1,46521	0,00733509	0,80429
33,12	4,65	17,35	3,18	54,35	30,97	10,84	10,29	101,235126586	7,49	3,94	4,77	41,61	309,5982132	22,35	43,61	40,37	40,43	20,4	43,21	0,65211	1,46854	0,00733509	0,798757
33,11	4,6	17,3	3,17	53,72	30,73	11,02	10,19	100,246070648	7,28	3,93	4,77	40,98	310,32921231	22,06	43,48	39,27	40	19,54	42,69	0,650268	1,47044	0,00733509	0,797823
32,88	4,65	17,2	3,12	52,9	30,02	10,88	10,03	99,078410994	7,06	3,81	4,72	39,27	311,17351956	22,13	41,87	39,85	38,74	19,15	42,43	0,650268	1,47529	0,00733509	0,800364
33,15	4,65	17,04	3,11	52,73	29,85	10,73	9,95	99,27048459	7,02	3,77	4,75	38,62	311,31143675	22,48	41,77	39,74	38,46	18,77	42,71	0,647927	1,47815	0,00733509	0,803903
33,54	4,65	17,02	3,1	52,94	29,71	10,69	10,02	99,740542588	7,09	3,82	4,73	38,6	309,11637801	22,64	41,57	39,22	38,67	18,74	42,59	0,648128	1,47956	0,00733509	0,805893
33,25	4,66	16,89	3,11	53,31	29,92	10,78	10,07	100,438337528	7,19	3,87	4,71	38,88	307,71844426	22,66	42,16	39,94	38,66	18,71	42,53	0,647952	1,48154	0,00736318	0,805841
33,34	4,62	16,55	3,05	52,65	29,59	10,51	9,93	99,68750538	7,13	3,84	4,68	39,42	310,50924018	22,56	41,92	39,85	38,31	18,53	42,23	0,647359	1,48156	0,00736318	0,810962
33,09	4,6	16,44	3,03	52,11	29,54	10,66	9,93	99,088906308	7,04	3,84	4,61	39	314,14846631	22,76	43,7	40,69	38,73	18,56	42,71	0,646558	1,48386	0,00736318	0,814637
32,88	4,68	16,6	3,05	52,11	29,44	10,67	9,9	99,368719058	6,97	3,87	4,64	38,54	312,49529026	22,89	43,75	40,35	38,55	18,37	42,68	0,646912	1,48523	0,00736318	0,814511
32,76	4,65	16,49	3,05	51,9	29,74	10,78	9,87	98,053092	7,17	3,82	4,58	38,54	310,85609184	22,76	43,51	39,43	38,01	18,24	42,8	0,646275	1,4796	0,00736318	0,816624
34,51	4,62	16,44	2,99	51,7	29,35	10,69	9,89	97,151961036	7,1	3,79	4,54	38,6	314,22715984	22,87	43,87	41,11	38,22	18,28	43,62	0,644364	1,47732	0,00733509	0,817576
34,58	4,55	16,33	3,01	51,16	28,66	10,69	9,76	95,42442837	6,94	3,76	4,52	38,39	311,65952628	22,9	43,97	40,45	37,91	18,16	43,05	0,644225	1,48254	0,00736318	0,820956
34,51	4,54	16,4	3	51,7	28,5	10,75	9,87	96,118620656	7,01	3,81	4,49	38,61	312,6186045	22,88	44,17	40,9	38,2	18,22	43,98	0,644233	1,48454	0,00736318	0,824025
34,05	4,56	16,51	2,98	51,49	28,4	10,79	9,84	96,73608879	6,93	3,82	4,53	38,96	316,74158061	22,59	44,17	40,44	37,85	18,01	43,46	0,644187	1,48245	0,00736318	0,821191
34,39	4,56	16,7	3,02	52,11	28,4	10,65	9,87	97,283427124	7,06	3,75	4,61	38,87	317,66204816	22,76	43,76	40,44	38,2	18,81	43,62	0,643662	1,47647	0,00736318	0,821384
34,48	4,52	16,45	3	50,62	28,26	10,75	9,87	97,397257284	7,04	3,72	4,56	39,34	323,45925215	22,49	44,08	40,69	37,8	18,77	43,85	0,643042	1,47253	0,00736318	0,827579
34,23	4,53	16,29	2,98	50,08	28,18	10,92	9,85	97,796657979	7,08	3,71	4,52	39,04	322,38972227	22,51	43,01	40,26	37,92	18,91	43,4	0,642718	1,47291	0,00736318	0,829213
34,22	4,46	16,05	2,95	49,59	28,38	10,73	9,76	96,407107776	7	3,71	4,44	38,81	326,53578399	22,13	41,69	39,43	37,43	18,97	43,26	0,642413	1,47168	0,00733509	0,830901
34,12	4,49	16,34	2,95	49,5	28,18	10,89	9,77	95,701310985	7	3,76	4,49	37,99	325,83909172	22,49	41,52	40,69	38,14	19,3	43,36	0,642482	1,46945	0,00733509	0,831307
34,7	4,49	16,75	2,99	50,79	28,96	10,93	9,9	96,927643404	7,2	3,79	4,6	38,76	322,78400658	22,73	43,32	41,11	38,5	19,4	44,34	0,642477	1,46543	0,00733509	0,830398
34,9	4,42	16,66	3	50,21	28,93	10,87	9,95	97,48368344	7,18	3,8	4,55	39,3	324,08324996	22,45	43,28	41,52	38,55	19,41	43,86	0,642656	1,4654	0,00733509	0,831004
34,77	4,54	16,56	2,98	49,67	28,86	10,8	9,94	99,701425444	7,18	3,77	4,56	38,75	328,58849836	22,53	42,34	40,86	37,68	19,45	43,69	0,643926	1,47067	0,00736318	0,836252
35,1	4,57	16,8	2,98	50,04	29,15	10,82	10,04	101,879370676	7,46	3,84	4,54	38,65	330,73649889	22,8	42,39	40,78	38,75	19,14	43,79	0,643926	1,47517	0,00733509	0,838943
35,32	4,55	16,74	2,99	50,33	28,76	10,8	10,09	101,422549127	7,35	3,94	4,58	39,42	335,96852911	23,02	42,1	41,87	39,11	19,19	43,59	0,645305	1,47397	0,00733509	0,836971
35,74	4,56	16,86	2,99	50,04	28,83	11,02	10,15	101,513213712	7,26	3,95	4,67	40,72	332,96278899	23,15	42,25	41,45	38,88	19,3	44,34	0,646001	1,46448	0,00723599	0,826477
35,87	4,58	16,65	2,99	50,12	28,55	11,05	10,16	101,098770624	7,33	4,02	4,62	40,91	333,48731294	23,14	42,76	41,62	39,17	19,37	44,82	0,645501	1,45584	0,00726491	0,823873
35,47	4,47	16,75	2,96	50	28,57	11,26	10,29	100,26037296	7,19	3,95	4,6	40,41	341,52025808	23,21	42,93	41,51	39,66	19,29	45,17	0,645555	1,4544	0,00726491	0,827647
35,39	4,45	16,81	2,99	49,92	28,88	11,11	10,29	100,540242984	7,15	3,97	4,59	41,7	345,31025274	23,44	42,69	41,55	39,5	19,56	45,63	0,646239	1,45578	0,00726491	0,832113
35,86	4,46	17,11	3,01	50,37	29,1	11,28	10,48	102,57353091	7,15	4,03	4,6	41,86	347,1757748	23,75	43,01	42,33	40,13	19,62	46,23	0,646319	1,45578	0,00726491	0,832456
35,63	4,43	17,11	3,02	50,7	28,84	11,28	10,4	102,75108885	7,21	3,91	4,65	40,13	342,46745804	23,6	42,79	42,11	39,71	19,89	47,1	0,645751	1,4583	0,00726491	0,831151
35,68	4,4	17,35	3	51,16	28,79	10,9	10,48	103,228374816	7,31	3,99	4,69	39,88	341,8053583	23,66	44,63	41,74	39,58	19,86	46,82	0,644937	1,46244	0,00723599	0,829021
35,16	4,35	17,23	3	51,28	28,43	11,1	10,43	103,295014032	7,19	3,99	4,67	39,56	344,05443642	23,85	44,35	42,27	39,99	19,52	46,14	0,644085	1,46076	0,00723599	0,830127
35,55	4,36	17,2	3,02	50,91	28,49	10,97	10,48	103,169788104	7,32	3,9	4,69	40,25	349,181699	23,58	44,7	42,12	40,33	19,68	45,84	0,643736	1,46161	0,00723599	0,834325
35,74	4,35	17,1	3,01	51,2	28,66	11,02	10,49	104,435811018	7,32	3,86	4,68	40,78	349,8719136	24,41	44,21	42,08	40,24	20,24	46,91	0,64395	1,46898	0,00723599	0,83424
35,82	4,37	17,37	3	51,53	28,76	10,87	10,47	105,775317315	7,42	3,82	4,51	39,71	352,15520208	24,58	43,55	41,47	40,57	19,89	47,02	0,645339	1,47465	0,00723599	0,832656
35,7	4,35	17,84	2,99	50,99	28,62	11,1	10,46	105,853953066	7,48	3,91	4,44	39,55	356,43694848	24,53	42,99	42,18	40,05	20,19	47,19	0,647136	1,47837	0,00723599	0,835608
35,32	4,4	18	3,03	51,45	28,79	11,02	10,47	105,77017896	7,49	3,88	4,54	39,4	357,8034306	24,52	43,18	41,95	39,62	19,89	47,59	0,64807	1,4772	0,00723599	0,835755
35,08	4,39	18,05	3,04	51,45	28,81	10,87	10,41	105,4184775	7,43	3,9	4,56	39,22	353,62279984	24,44	43,04	42,13	39,8	19,97	48,27	0,647613	1,4749	0,00723599	0,829672
35,1	4,38	18,04	3,04	51,41	28,81	10,93	10,5	105,559412724	7,45	3,94	4,56	39,56	351,373492	24,81	43,63	42,75	40,86	20,25	48,18	0,646421	1,47164	0,00723599	0,82793
34,91	4,34	17,8	3,01	51,24	29,03	10,79	10,41	103,913754532	7,31	3,96	4,53	39,35	346,59372642	24,48	43,63	42,41	40,04	20,12	48,59	0,646502	1,46951	0,00713753	0,825754
34,57	4,33	17,88	3,04	50,87	29,57	10,87	10,37	104,331156749	7,28	3,91	4,6	39,24	349,3893857	24,5	43,51	42,12	40,49	20,19	48,02	0,646989	1,47013	0,00716401	0,82729
34,7	4,29	17,94	3,03	50,74	29,71	11,07	10,35	102,453675066	7,21	3,86	4,56	38,12	349,49486616	24,42	43,75	42,66	40,52	20,4	47,24	0,646989	1,46997	0,00716401	0,828894
35,05	4,31	18,12	3,03	51,32	29,63	10,94	10,46	104,133409785	7,5	3,86	4,56	38,07	350,97607951	24,44	43,44	42,54	40,85	20,36	47,78	0,646666	1,46997	0,00713753	0,831047
35,12	4,31	18,17	3,03	51,53	29,73	11,19	10,46	104,388640262	7,52	3,88	4,58	38,13	350,83427481	24,15	43,42	43,18	40,6	20,33	47,34	0,647491	1,47094	0,00713753	0,830043
34,58	4,24	18,02	3	50,99	30,32	11,24	10,37	104,175075345	7,56	3,86	4,56	38,5	351,13017837	24,23	43,17	42,37	40,24	20,25	47,29	0,647841	1,47851	0,00713753	0,833979
34,85	4,27	18,25	3,02	51,86	30,36	11,28	10,39	106,7812091	7,62	3,88	4,63	36,8	353,5982058	24,57	42,6	43,07	40,57	19,97	47,26	0,647188	1,48081	0,00716401	0,843306
34,55	4,28	18	3,03	51,32	29,97	11,1	10,44	106,980898968	7,45	3,93	4,62	37,62	358,0363977	24,32	42,43	42,81	40,41	20,04	47,44	0,647927	1,47838	0,00716401	0,846722
34,18	4,27	18,03	3,02	51,08	30,27	11,05	10,33	105,70938075	7,48	4,01	4,62	37,8	356,91621504	24,17	42,02	42,03	40,04	19,63	46,62	0,648104	1,47897	0,00716401	0,848064
34,65	4,27	17,88	3,02	51,2	30,44	11,02	10,33	105,458923257	7,35	4,15	4,6	37,12	363,05177569	24	42,02	41,66	40,16	19,63	46,58	0,648421	1,48073	0,00716401	0,849383
34,29	4,28	18,09	3,04	50,95	30,29	11,01	10,25	106,633197351	7,26	4,15	4,6	36,93	366,30908884	23,87	41,39	41,74	39,33	18,94	45,7	0,649929	1,48661	0,00716401	0,853549
34,64	4,28	18,27	3,01	51,28	30,46	11,01	10,33	106,887088368	7,32	4,18	4,64	37,59	362,64944782	23,8	41,42	41,78	40,48	19,11	46,23	0,650348	1,48752	0,00716401	0,854318
34,39	4,27	18,22	3,01	50,62	30,15	10,74	10,29	108,397664928	7,19	4,13	4,64	36,79	364,71427544	23,81	41,36	41,56	40,53	18,94	46,58	0,64978	1,48752	0,00716401	0,854492
33,73	4,26	18,34	3	51,03	30,14	10,83	10,31	107,093945472	7,18	4,11	4,62	37,26	362,9248384	24,27	41,57	41,2	40,53	18,85	46,67	0,648522	1,48254	0,00716401	0,85376
33,38	4,25	18,92	3,02	51,61	30,65	10,85	10,33	108,595716024	7,14	4,1	4,63	37,68	363,89287152	24,1	41,96	41,56	40,72	18,93	46,66	0,647065	1,47482	0,00716401	0,855333
34,06	4,2	18,85	3,02	51,57	30,31	10,78	10,31	107,766262912	7,06	4,08	4,57	37,57	363,28978308	24,02	42,49	41,89	40,43	18,79	46,88	0,64621	1,46608	0,00716401	0,852873
34,1	4,2	19,15	3,03	51,53	29,88	10,8	10,41	107,709661227	7,11	4,15	4,6	37,88	361,33958617	24,02	42,42	42,31	40,74	19,11	46,52	0,646062	1,46027	0,00713753	0,849671
33,86	4,22	19,43	3,07	51,57	30,24	11,12	10,39	109,75015142	7,15	4,15	4,64	38,38	362,4746103	24,03	42,31	42,08	40,97	19,06	47,27	0,646222	1,46276	0,00716401	0,851479
33,81	4,23	19,48	3,09	51,65	30,14	10,89	10,41	109,238616792	7,11	4,11	4,65	38,35	357,0187392	23,79	42,46	41,91	40,78	19,17	47,24	0,646051	1,46088	0,00713753	0,848832
33,81	4,26	19,63	3,09	51,57	30,41	11,04	10,38	109,606422416	7,03	4,1	4,6	38,46	354,62810448	24,07	42,44	41,57	41,19	19,15	47,3	0,645342	1,45837	0,00713753	0,846287
34	4,27	19,69	3,09	51,57	30,41	11,05	10,36	109,767257968	6,99	4,05	4,6	37,75	355,97386423	23,95	42,47	41,74	40,95	19,2	47,46	0,645342	1,46051	0,00713753	0,847577
34	4,29	19,64	3,13	52,23	30,44	11,05	10,29	109,889763552	7	4,06	4,56	37,95	357,20751016	23,76	41,79	41,78	40,81	18,85	46,97	0,646131	1,46214	0,00713753	0,851386
34,51	4,3	19,6	3,12	51,94	30,48	10,93	10,31	109,361249268	7,03	4,08	4,58	38,11	362,80111618	23,97	42,27	41,99	40,66	19	47,08	0,646131	1,46252	0,00713753	0,851386
34,36	4,28	19,41	3,09	52,73	30,51	10,81	10,27	109,29993303	7,08	4,14	4,53	38,09	356,82638946	23,79	41,97	41,93	40,76	18,93	46,71	0,646671	1,4617	0,00713753	0,853121
34,81	4,29	19,58	3,27	51,99	30,03	10,83	10,48	108,250162454	7,2	4,12	4,57	38,06	356,73331052	23,78	42,09	41,63	40,53	18,77	46,44	0,646359	1,46006	0,00713753	0,848678
34,27	4,31	19,6	3,26	52,44	30,31	11,02	10,28	108,32726899	7,14	4,11	4,56	38,1	356,3747605	23,33	42,35	41,53	39,84	18,72	45,8	0,646014	1,4611	0,00713753	0,847825
34,77	4,33	19,91	3,28	51,82	30,14	10,84	10,33	112,194795102	7,17	4,07	4,6	38,36	356,37521265	23,37	42,38	41	40,2	19,08	46,23	0,647229	1,47291	0,00713753	0,851859
34,64	4,33	19,71	3,27	52,19	30,05	10,97	10,34	113,780917854	7,17	4,01	4,62	39,37	357,48262935	23,42	42,44	41,2	40,2	19,32	45,62	0,647229	1,47894	0,00713753	0,851859
35	4,37	19,58	3,26	51,99	29,76	10,95	10,47	112,266148122	7,26	3,98	4,62	39,15	361,27695375	23,27	42,18	41,56	39,89	19,2	45,65	0,647939	1,47877	0,0070359	0,853175
34,97	4,36	19,53	3,29	52,32	30,03	10,89	10,8	112,705215565	7,25	4,02	4,58	39,75	360,37345064	23,5	42,93	41,59	40,33	19,4	46,04	0,64857	1,47715	0,0070359	0,850178
34,29	4,33	19,61	3,29	52,4	29,83	11,02	10,69	111,949961112	7,33	3,99	4,58	39,49	359,47612038	23,31	42,93	40,78	40,12	19,49	45,87	0,6493	1,47708	0,0070359	0,849966
34,7	4,31	19,75	3,29	53,02	29,76	10,89	10,67	111,417701296	7,28	4,11	4,58	40,4	355,0944456	23,24	42,2	40,44	40,08	19,5	45,96	0,64969	1,48247	0,0070359	0,848088
34,85	4,21	20	3,32	53,93	29,97	10,89	10,68	112,923001334	7,44	4,03	4,6	40,69	354,57711192	23,41	42,43	41,34	40,21	19,71	45,82	0,649862	1,48247	0,0070359	0,848088
35,08	4,14	19,79	3,28	53,48	29,9	10,99	10,67	112,36783566	7,42	4,01	4,62	40,55	349,95883358	23,13	41,98	40,94	40,18	19,57	45,65	0,64966	1,48508	0,0070359	0,844373
35,35	4,17	20,17	3,28	53,64	29,64	10,89	10,63	112,121363487	7,53	3,94	4,72	39,93	331,59153951	23,18	42,22	40,55	40,04	19,8	46,06	0,64876	1,48431	0,0070359	0,839451
35,67	4,12	20,02	3,26	54,76	29,73	10,87	10,6	110,66085441	7,49	3,94	4,69	39,75	331,98604434	23,18	42,27	41,04	40,14	19,3	45,69	0,648236	1,4799	0,0070359	0,834786
36,01	4,08	19,88	3,24	54,92	29,63	10,88	10,41	109,637687568	7,42	3,99	4,73	37,62	331,28393781	23,13	42,09	40,21	39,91	19,23	45,55	0,64631	1,47624	0,00712802	0,832853
35,16	4,07	20,1	3,23	54,59	29,59	10,65	10,5	108,648731928	7,5	3,94	4,77	38,06	332,87468704	23,04	42,43	40,5	39,89	19,13	45,75	0,645264	1,47554	0,00712802	0,832853
35,16	3,99	19,63	3,27	55,13	29,59	10,71	10,48	108,667067325	7,52	3,96	4,71	38,1	338,48811626	22,28	42,13	40,36	39,73	19,16	45,37	0,645114	1,47325	0,00712802	0,832853
35,29	4,01	19,44	3,27	54,26	29,39	10,73	10,25	108,00435087	7,44	3,93	4,71	37,46	338,1761097	21,97	41,09	38,91	39,1	18,83	44,42	0,644482	1,47186	0,00712802	0,83457
35,28	3,95	19,35	3,27	53,6	29,35	10,61	10,18	108,05446773	7,46	3,9	4,72	37,65	340,10303726	21,53	40,12	39,16	38,79	18,89	43,94	0,643943	1,4751	0,00712802	0,840217
35,43	3,93	19,3	3,3	53,52	29,27	10,86	10,29	105,605246052	7,43	3,94	4,7	37,28	339,3746196	21,53	39,8	39,85	39,31	18,66	43,88	0,642795	1,46709	0,00712802	0,842748
35,18	3,99	19,57	3,33	53,68	29,57	10,8	10,31	106,075725172	7,43	4,03	4,73	37,17	337,55428392	21,6	39,91	39,71	39,71	18,93	44,34	0,642795	1,46074	0,00726491	0,842748
35,32	4,01	19,95	3,34	54,43	29,97	10,94	10,48	106,1309147	7,55	4,03	4,77	37,58	332,85269412	21,87	39,91	39,94	40,57	19,45	45,02	0,642262	1,4615	0,00726491	0,843156
34,8	4,03	20,12	3,32	55,01	30,73	10,75	10,39	108,213055046	7,75	4,05	4,75	37,75	332,21204988	21,9	39,75	40,42	40,49	19,62	45,43	0,642262	1,46206	0,00723599	0,843756
34,89	3,97	20,39	3,37	54,72	30,32	10,79	10,44	107,627049915	7,69	3,94	4,74	37,97	332,69564701	21,62	39,25	39,94	40,08	19,44	45,31	0,641921	1,45915	0,00723599	0,842929
35,67	3,97	20,72	3,41	55,3	30,53	10,95	10,5	106,986360008	7,69	3,98	4,74	37,17	332,04281916	21,73	39,66	39,27	40,82	19,34	44,82	0,642129	1,45547	0,00723599	0,843519
35,39	3,94	20,72	3,45	55,34	31,16	11,02	10,39	108,012699352	7,49	4,05	4,73	37,11	334,5733036	21,86	39,66	39,52	40,84	19,46	45,07	0,642129	1,45436	0,00723599	0,844136
36,01	3,98	20,76	3,52	54,97	30,87	11,01	10,42	106,942991232	7,47	4,07	4,72	36,69	337,9268606	22	39,3	39,69	41,19	19,52	44,78	0,642781	1,45488	0,00723599	0,844606
35,24	3,92	20,56	3,52	54,63	30,6	10,97	10,46	107,137042332	7,57	4,13	4,69	36,03	338,51707778	22,02	39,22	39,48	41,15	19,68	44,79	0,643451	1,45501	0,00723599	0,842942
35,49	3,97	20,34	3,46	54,76	30,48	10,85	10,45	107,311552664	7,33	4,06	4,7	36,21	332,144351	21,56	39,35	39,64	41	19,48	44,49	0,645457	1,45237	0,00713753	0,83215
35,63	4,08	20,51	3,45	54,3	30,24	11,1	10,43	107,67571268	7,31	4,05	4,7	36,21	332,15201481	21,92	40,01	40,4	41,19	19,92	44,85	0,64745	1,4548	0,00716401	0,824219
35,25	4,14	20,67	3,46	54,51	30,14	10,82	10,48	107,599758678	7,34	4,08	4,69	35,97	333,28342168	22,07	40,8	40,43	41,19	20,08	44,87	0,648185	1,45878	0,00716401	0,824714
35,17	4,11	20,47	3,56	54,97	30,6	10,87	10,5	110,415722221	7,32	4	4,69	36,05	335,68840326	22,43	40,34	41,25	41,4	20,3	45,15	0,648236	1,46173	0,00716401	0,827267
35,44	4,11	20,47	3,6	54,63	30,29	10,91	10,52	108,987686	7,35	4,03	4,71	35,86	334,53946344	22,57	40,45	41,11	41,4	20,58	45,26	0,647507	1,46	0,00716401	0,827986
35,78	4,18	20,42	3,58	55,42	30,63	10,93	10,6	109,191803784	7,24	4,03	4,71	35,93	333,38951536	22,71	40,91	40,27	41,57	20,76	46,18	0,646614	1,45778	0,00716401	0,826408
35,22	4,14	20,43	3,57	56,21	30,9	11,12	10,61	109,633855695	7,31	4,06	4,71	35,77	337,67111716	22,59	41,15	40,69	41,57	21,19	46,59	0,645494	1,46121	0,00716401	0,824332
35,23	4,14	20,7	3,54	57,04	31,33	11,16	10,67	109,029489496	7,4	4,09	4,71	35,51	337,03315419	22,48	41	41,28	42,06	21,32	46,8	0,645126	1,46056	0,00716401	0,824183
35,59	4,15	20,65	3,57	57,61	31,74	11,27	10,67	109,25696922	7,45	4	4,69	35,7	338,05488041	22,58	40,94	41,72	42,25	21,68	47,42	0,645126	1,45865	0,00716401	0,825793
35,47	4,14	20,71	3,64	58,53	31,97	11,28	10,62	110,152851025	7,58	4,04	4,69	35,83	337,72682625	22,52	40,78	41,95	42,08	21,45	46,97	0,645441	1,45825	0,00716401	0,826243
35,5	4,11	21,24	3,88	59,02	32,04	11,29	10,67	109,995732609	7,51	4,1	4,79	35,45	334,9054186	22,5	40,91	41,96	42,27	21,69	46,56	0,644853	1,45617	0,00716401	0,82658
35,24	4,07	21,32	3,93	58,94	32,06	11,47	10,71	109,91532838	7,36	4,07	4,9	35,47	335,50034429	22,59	41,15	41,91	42,92	21,44	47,16	0,645122	1,45756	0,00713753	0,825197
35,53	4,06	21,17	3,89	61,67	32,65	11,31	10,76	111,860469936	7,31	4,02	4,88	36,02	329,82847172	22,47	40,7	41,45	42,81	21,16	46,92	0,64573	1,45638	0,00713753	0,819694
35,32	4,08	21,02	3,97	63,12	32,33	11,3	10,94	112,952745502	7,38	4,15	4,88	35,99	327,0627612	22,46	40,41	42,2	42,53	21,12	47,35	0,645986	1,45378	0,00713753	0,81513
35,74	4,05	21,18	3,92	62,08	33,08	11,28	11,01	114,278365745	7,35	4,35	4,83	36,41	327,95189906	22,51	40,45	42,37	42,98	21,45	48,07	0,645844	1,45421	0,00713753	0,814322
35,36	4,04	20,63	3,81	62,5	33,23	11,32	10,94	114,47089777	7,2	4,27	4,75	36,31	330,71006186	22,25	40,01	41,83	41,93	21,2	47,51	0,645518	1,45666	0,0070359	0,815702
35,47	4,12	20,78	3,82	61,46	33,01	11,46	10,93	117,895645978	7,29	4,27	4,79	36,01	335,5649154	22,23	40,04	42,08	41,98	20,92	47,14	0,644306	1,46014	0,0070359	0,822705
35,23	4,15	20,33	3,81	62,08	32,94	11,65	10,82	119,378272134	7,18	4,17	4,71	36,82	334,1992251	21,81	39,8	41,24	40,97	21,17	47,01	0,643573	1,46014	0,0070359	0,822705
34,94	4,17	20,15	3,78	61,3	32,72	11,69	10,75	118,647174925	7,21	4,18	4,71	36,54	339,23274272	22,16	39,73	41,32	40,99	20,87	46,43	0,643372	1,46255	0,0070359	0,826208
34,77	4,25	20,25	3,72	61,3	32,62	11,44	10,99	118,113433212	7,17	4,34	4,69	35,85	337,70797856	22,23	39,66	41,32	41,11	20,84	46,59	0,643491	1,46514	0,0070359	0,825127
35,16	4,25	20,41	3,67	61,67	32,59	11,81	10,97	119,20773831	7,18	4,2	4,7	35,45	340,991763	22,27	40,18	41,74	41,94	20,85	47,09	0,643289	1,46946	0,0070359	0,827148
35,32	4,24	20,3	3,73	61,96	32,64	11,48	10,86	118,159679458	7,15	4,22	4,68	35,69	341,15384268	22,34	40,17	41,91	42,16	20,89	47,61	0,642601	1,46803	0,0070359	0,830543
35,29	4,23	20,07	3,75	61,26	32,98	11,42	10,94	114,963197245	7,17	4,07	4,71	36,09	344,27290121	22,49	40,77	42,2	42,89	20,78	47,46	0,642556	1,46449	0,0070359	0,832643
35,77	4,28	20,41	3,8	61,67	33,83	11,61	11,01	114,481446776	7,18	4,19	4,74	35,73	345,69085628	22,65	41,03	42,2	43,35	20,99	47,37	0,642639	1,46072	0,0070359	0,834478
36,08	4,31	20,34	3,79	62,5	34,17	11,81	10,97	114,995259982	7,31	4,19	4,73	35,96	346,04856091	22,61	40,86	42,4	42,99	21,45	47,62	0,643236	1,45781	0,00706247	0,835523
36,09	4,29	20,54	3,77	62,08	34	11,62	10,86	114,843017336	7,32	4,19	4,79	36,48	344,756182	22,47	40,82	42,19	41,53	21,12	47,24	0,643289	1,45588	0,0070359	0,83557
35,78	4,27	20,97	3,82	62,21	33,74	11,62	10,86	114,343665579	7,5	4,14	4,79	36,49	349,20875528	22,63	40,64	41,53	41,28	21,09	47,03	0,642844	1,46133	0,00706247	0,838376
35,63	4,26	20,99	3,85	61,88	33,93	11,63	10,71	114,597183591	7,42	4,12	4,79	36,22	350,7445592	22,82	40,84	41,04	40,31	21,17	47,33	0,642764	1,46457	0,00706247	0,840308
36,03	4,25	20,75	3,87	61,75	33,79	11,69	10,78	115,880651244	7,38	4,11	4,76	36,49	351,06582075	22,97	40,95	41,24	40,14	21,14	46,76	0,642488	1,46196	0,00716401	0,840373
35,67	4,25	20,73	3,92	61,55	33,69	11,85	10,82	114,951731511	7,33	4,14	4,79	37,07	349,60269442	22,82	40,86	41,53	40,26	20,75	47,18	0,642056	1,45961	0,00713753	0,839846
35,76	4,28	20,83	3,91	61,46	33,66	11,69	10,8	113,957572455	7,36	4,11	4,82	37,11	349,78539264	23	41,54	41,38	40,66	21,24	47,43	0,642056	1,46115	0,00713753	0,840992
36,08	4,29	20,84	3,93	61,05	33,42	11,79	10,61	113,48591419	7,38	4,17	4,82	37,12	349,4288898	22,93	41,38	41,28	40,74	21,15	47,02	0,64044	1,45987	0,00713753	0,83961
35,84	4,3	20,64	3,93	61,51	33,56	11,77	10,71	114,534584515	7,35	4,17	4,81	36,83	346,00204608	22,89	41,86	41,43	40,66	21,56	47,37	0,639808	1,45903	0,00713753	0,837534
36,01	4,3	20,63	3,94	60,97	33,59	11,82	10,68	114,555901411	7,5	4,35	4,81	37,15	345,95885238	22,68	41,81	41,28	40,28	21,36	47,76	0,640649	1,46167	0,00713753	0,838302
35,92	4,25	20,04	3,84	60,59	33,71	11,58	10,6	115,860378445	7,45	4,3	4,74	37,24	347,82885214	22,3	40,62	40,55	39,77	21,44	47,59	0,641191	1,46405	0,00713753	0,839639
35,51	4,25	20,07	3,85	60,1	33,54	11,69	10,53	114,475924167	7,44	4,23	4,75	36,73	353,56818375	22,64	40,96	40,65	39,58	21,53	47,13	0,640872	1,46541	0,00713753	0,839331
35,69	4,25	20,11	3,84	60,14	33,73	11,76	10,57	114,511313525	7,49	4,22	4,79	36,21	354,56159059	22,82	40,31	40,27	39,29	21,3	46,3	0,639717	1,46825	0,00716401	0,840811
35,41	4,24	20,16	3,82	60,22	33,79	11,47	10,5	115,32665456	7,37	4,06	4,77	36,15	352,3926583	23,14	40,31	40,06	39,75	21,19	46,36	0,639717	1,46912	0,00726491	0,842843
35,78	4,25	20,23	3,81	60,93	34,07	11,64	10,61	117,922430976	7,45	4,09	4,75	35,1	350,90941804	23,2	40,54	40,19	39,51	21,12	47,03	0,638819	1,46886	0,00723599	0,842641
35,47	4,24	20,25	3,75	60,18	34,41	11,5	10,5	116,658870162	7,4	4,07	4,75	35,13	351,5859504	22,62	39,63	39,6	39,21	21,02	46,4	0,639294	1,46942	0,00723599	0,839508
35,67	4,22	20,28	3,81	60,47	34,65	11,5	10,5	116,600362105	7,48	4,05	4,77	35,07	347,40479592	22,5	39,44	39,39	38,74	20,7	46,27	0,639312	1,46633	0,00723599	0,837564
36,25	4,2	20,27	3,81	60,1	34,48	11,32	10,56	115,531168941	7,45	4,08	4,75	34,96	346,46427144	22,43	39,44	39,6	38,84	20,78	46,38	0,639857	1,45989	0,00713753	0,833007
36,44	4,19	20,02	3,72	60,02	34,03	11,53	10,6	114,391713605	7,61	4,03	4,7	33,6	348,5334393	22,69	39,63	39,85	39,37	20,49	47,02	0,640483	1,45721	0,00713753	0,830138
36,44	4,19	20,29	3,76	59,77	33,97	11,36	10,59	114,44116892	7,72	4,05	4,71	35,37	352,42743129	22,46	39,58	40,27	39,04	20,64	46,68	0,640792	1,45784	0,00713753	0,834207
35,75	4,13	20,22	3,7	58,98	33,56	11,48	10,54	113,950185316	7,69	4,01	4,64	35,15	355,35838041	22,39	39,09	39,94	38,39	20,41	46,65	0,640717	1,45868	0,00713753	0,838881
35,5	4,12	20,14	3,69	58,86	33,54	11,32	10,53	114,60660024	7,73	4,05	4,64	34,92	353,60214366	22,81	39,58	40,58	38,7	20,13	46,5	0,640231	1,45758	0,00713753	0,839073
35,55	4,12	20,24	3,68	58,61	33,25	11,29	10,63	112,708201176	7,69	4,16	4,6	34,64	354,2582658	22,45	39,29	39,85	38,69	20,28	46,52	0,63834	1,45224	0,00713753	0,839395
35,26	4,12	20,23	3,64	58,9	32,94	11,32	10,55	112,58960658	7,84	4,05	4,58	34,64	351,827099	22,11	38,97	39,22	37,84	19,75	45,87	0,637115	1,44834	0,0070359	0,838682
35,51	4,15	20,68	3,74	60,1	33,18	11,41	10,62	112,879387005	7,89	4,1	4,64	34,49	350,70183439	21,9	38,83	39,57	37,22	19,82	46,05	0,637641	1,44969	0,00706247	0,836179
35,52	4,16	21,24	3,76	60,1	33,18	11,45	10,61	113,00319156	7,86	4,11	4,71	34,6	345,3729422	22,17	39,13	40	37,99	19,66	45,93	0,638494	1,45128	0,00706247	0,832826
36,17	4,16	21,66	3,74	60,1	33,18	11,68	10,62	112,812423535	7,98	4,13	4,73	34,78	345,85362944	22,08	39,13	39,22	37,68	19,6	46,36	0,638494	1,44883	0,0070359	0,828928
35,78	4,33	21,84	3,68	59,77	33,45	11,74	10,45	111,07656096	7,96	4,02	4,71	35,61	349,891579	22,06	38,88	37,89	37,97	19,46	46,11	0,636909	1,44304	0,00706247	0,8231
35,09	4,33	21,78	3,65	60,72	33,83	11,8	10,41	111,310549224	7,86	3,95	4,71	35,41	362,06398312	21,88	39	38,76	38,21	19,49	46,03	0,635958	1,44132	0,00706247	0,821044
35,05	4,33	21,53	3,69	60,31	34,27	11,79	10,44	111,04885032	7,76	4,04	4,71	35,86	359,4494067	22	38,84	39,27	38,68	19,53	46,01	0,635958	1,44268	0,00706247	0,823198
35,2	4,35	21,44	3,66	61,17	34,34	11,76	10,33	111,20510754	7,62	4,04	4,69	35,28	361,72735441	22,08	38,81	38,95	38,5	19,8	45,97	0,635589	1,44471	0,00706247	0,826069
35,15	4,37	21,56	3,7	60,8	34,03	11,6	10,37	109,662852272	7,58	3,97	4,69	35,09	364,856103	21,97	38,41	38,18	38,48	19,52	47,68	0,634651	1,44619	0,00706247	0,82903
35,4	4,43	22	3,74	61,34	34,02	11,67	10,71	109,556257257	7,82	3,97	4,72	35,27	362,1061733	21,85	38,51	38,44	38,09	19,41	47,09	0,633986	1,44721	0,00706247	0,830614
34,62	4,4	21,84	3,76	61,75	34,07	11,85	10,58	111,041218771	7,7	4,01	4,71	35,27	369,55028601	21,86	38,27	38,32	36,44	19,24	47,28	0,634562	1,44977	0,00706247	0,831029
34,71	4,21	22,18	3,8	61,51	33,93	11,89	10,66	110,98851205	7,65	3,94	4,72	35,3	367,90139268	21,92	38,02	38,54	36,61	19,15	46,88	0,635765	1,4515	0,00706247	0,830796
34,62	4,21	20,85	3,81	60,84	33,66	11,84	10,67	109,919911904	7,75	4,04	4,75	35,15	369,79587018	22,01	37,88	39,29	36,31	19,16	47,42	0,635946	1,44958	0,00706247	0,831918
34,77	4,19	20,95	3,86	61,38	33,97	11,84	10,85	109,400663295	7,69	3,98	4,75	35,01	368,52347939	22,15	37,98	38,81	36,17	19,23	47,32	0,635136	1,44345	0,0070359	0,829877
34,91	4,19	20,88	3,85	60,88	33,68	11,82	10,9	110,182100698	7,74	4,04	4,75	37,06	360,99587517	22,09	38,04	38,72	36,68	19,12	46,95	0,633492	1,43617	0,0070359	0,826399
34,46	4,15	20,75	3,82	61,42	33,69	11,73	10,92	109,807316818	7,62	3,99	4,75	37,59	357,44914	21,86	37,81	38,59	36,39	18,87	47,23	0,632737	1,43366	0,0070359	0,826472
34,39	4,02	20,37	3,8	61,8	34,03	11,9	10,78	110,872377696	7,66	4,11	4,73	37,54	359,83084578	21,48	37,92	38,76	35,9	18,48	46,36	0,632255	1,43328	0,0070359	0,823242
34,31	3,94	19,89	3,76	61,75	33,91	11,71	10,63	111,438893755	7,49	4,02	4,67	38	357,39353496	21,32	37,77	37,92	35,69	18,28	45,91	0,63266	1,43119	0,00693513	0,817161
34	3,96	19,9	3,68	61,59	33,86	11,54	10,63	110,748490524	7,39	4	4,69	37,18	351,32800384	21,57	38,34	38,45	35,85	18,19	46,58	0,633486	1,42933	0,00693513	0,814976
34,76	3,98	19,95	3,68	60,96	34,39	11,7	10,77	110,746478018	7,35	4,01	4,69	38,77	353,86665424	21,81	38,54	38,59	36,35	18,28	46,52	0,634742	1,43638	0,0069641	0,822544
34,19	3,86	19,31	3,57	60,41	34,54	11,66	10,71	110,496650238	7,08	4,11	4,64	39,2	356,02240212	21,81	38,95	38,76	35,99	18,05	46,35	0,635013	1,44027	0,0069641	0,826364
34,31	3,87	19,24	3,55	59,2	33,83	11,31	10,54	109,33851805	7,08	4,03	4,61	40,79	355,94210826	21,38	38,96	38,64	35,79	17,79	45,68	0,63437	1,4395	0,0069641	0,825507
33,85	3,85	19,08	3,52	58,65	33,41	11,3	10,52	107,100100556	7,19	4,05	4,57	39,95	353,22350204	21,57	38,7	38,38	35,23	17,7	45,43	0,634711	1,44142	0,0069641	0,824441
33,85	3,81	18,92	3,46	58,78	33,49	11,3	10,18	106,49598956	6,89	3,99	4,6	38,88	354,57284625	21,3	38,4	38,38	35,07	17,96	45,65	0,635902	1,44566	0,0069641	0,825375
34,04	3,81	19,45	3,54	56,93	33,05	11,5	10,34	106,38122808	7,19	4,05	4,68	39,13	357,78077443	21,25	38,57	39,13	35,13	17,82	45,74	0,63616	1,4466	0,0069641	0,825883
33,5	3,76	19,25	3,54	57,81	32,77	11,54	10,31	102,768856074	7,05	3,99	4,69	38,96	359,7849068	21,27	39,24	39,12	35,58	17,87	46,46	0,636318	1,44498	0,00693513	0,82214
33,56	3,77	20,1	3,55	57,06	32,42	11,18	10,33	103,503345597	7,19	3,97	4,73	38,43	353,61074099	21,38	39,21	39,9	35,85	17,99	46,15	0,637605	1,44497	0,00693513	0,817087
34,05	3,83	20,31	3,58	56,97	31,85	11,54	10,44	103,709390544	7,25	4,05	4,73	38,78	353,30432904	21,52	39,34	40,19	35,65	18,1	46,14	0,637985	1,44528	0,00693513	0,811746
33,84	3,81	20,05	3,61	58,74	32,7	11,71	10,48	103,203976715	7,31	4,05	4,74	39,92	356,31144432	21,7	39,25	40,22	35,9	18,25	46,95	0,637076	1,44593	0,00693513	0,809946
33,48	3,77	19,55	3,58	58,06	32,38	11,4	10,16	104,588626264	7,13	4,05	4,7	38,5	358,62675358	21,3	38,51	38,67	35,48	18,19	45,48	0,63577	1,44472	0,0069641	0,810163
33,42	3,86	19,97	3,6	58,74	33,78	11,25	10,31	103,635480525	7,07	3,99	4,75	38,62	354,38309298	21,42	38,45	39,27	34,98	17,97	45,92	0,635721	1,44425	0,0069641	0,808983
33,39	3,94	19,91	3,57	60,04	34,54	11,39	10,24	103,714670592	7,11	3,98	4,75	37,78	354,6960916	21,59	39,11	40,15	34,82	18,14	46,16	0,635939	1,44279	0,0069641	0,807412
33,66	3,95	19,67	3,58	59,62	34,93	11,37	10,24	105,806890052	7,14	4	4,77	38,67	355,21335882	21,55	38,97	40,01	34,82	18,44	46,66	0,634605	1,43879	0,0069641	0,805509
33,84	3,89	19,43	3,57	57,69	34,15	11,39	10,23	105,595098308	7,13	3,91	4,77	39,22	354,19910482	21,37	38,88	39,43	34,16	18,25	45,89	0,633007	1,43591	0,0069641	0,803209
33,13	3,86	19,15	3,56	58,61	33,94	11,59	10,2	103,799392898	7,08	3,93	4,84	39	349,62745629	21,46	39,21	39,19	34,2	18,19	45,87	0,636538	1,44142	0,0069641	0,795711
33,39	3,93	19,51	3,67	58,36	33,99	11,83	10,36	105,616137816	7,02	4,08	4,86	38,86	344,9085965	21,85	39,46	39,52	34,86	18,33	47,14	0,639335	1,44621	0,0069641	0,791983
32,61	3,9	18,57	3,64	58,4	34,1	11,39	10,12	108,505416368	6,81	3,93	4,82	38,34	337,48388726	21,56	40,2	39,73	35,81	18,76	47,17	0,639962	1,45039	0,0069641	0,792923
32,87	3,93	18,82	3,65	57,43	33,79	11,52	10,33	109,80103698	6,91	4,23	4,84	36,78	334,364104	21,69	40,25	39,94	35,8	18,59	48,47	0,640385	1,45534	0,0069641	0,792332
32,65	3,91	18,6	3,63	56,43	33,31	11,72	10,43	109,801496	6,86	4,12	4,81	36,51	340,19432821	21,78	40,19	39,37	35,94	18,48	48,33	0,640436	1,4578	0,0069641	0,791573
32,39	3,88	18,32	3,6	57,02	33,52	11,55	10,25	109,035815492	6,75	4,1	4,76	36,43	336,45732498	21,69	40,23	39,48	36,13	18,52	47,82	0,640594	1,45997	0,0069641	0,788067
32,2	3,85	18,2	3,59	55,09	32,78	11,59	10,33	109,697572944	6,63	4,11	4,77	36,36	331,58033923	21,51	40,08	39,74	35,41	18,56	46,66	0,640895	1,46136	0,0069641	0,785419
31,88	3,8	18,23	3,66	56,39	33,18	11,82	10,44	107,70484862	6,77	4,1	4,5	36,25	333,21942605	21,57	40,29	40,23	36,7	19,32	46,31	0,641191	1,46207	0,00706247	0,786173
32,27	3,81	18,47	3,63	56,26	32,91	12,12	10,44	110,588828445	6,69	4,06	4,45	36,4	334,87521788	21,41	40,02	39,81	36,48	19	46,62	0,641666	1,46085	0,00706247	0,784196
32,15	3,81	18,51	3,73	55,63	32,33	11,84	10,41	109,667546784	6,75	4,05	4,51	36,94	333,03769114	21,33	40,17	39,44	36,53	19,46	46,11	0,641641	1,46096	0,00706247	0,783139
32,26	3,8	18,56	3,79	57,27	32,23	11,91	10,47	106,728530975	6,84	4,06	4,5	37,13	327,65667858	21,21	40,06	39,31	36,57	19,51	46,39	0,644234	1,46399	0,0070359	0,777414
32,55	3,82	18,8	3,77	58,06	32,71	11,85	10,42	105,424091136	6,97	4,05	4,52	37,92	330,65366476	21,37	40,46	40,27	37,07	19,37	46,21	0,645644	1,46657	0,00706247	0,775436
32,57	3,8	18,85	3,77	57,1	32,6	11,59	10,41	107,197958952	6,89	4,15	4,53	37,72	328,36437756	21,09	39,46	40,23	36,52	19,32	46,08	0,644858	1,46787	0,00706247	0,778779
31,89	3,77	18,68	3,76	57,9	32,91	11,72	10,38	108,129980744	6,9	4,15	4,47	37,19	329,218053	21,05	39,1	38,84	36,6	19,06	45,78	0,644688	1,47038	0,00706247	0,779325
32,1	3,74	18,93	3,73	58,82	32,95	11,85	10,38	108,62641028	6,92	4,14	4,47	36,95	337,0474496	21,12	38,86	39,44	36,81	19,31	46,51	0,645281	1,47458	0,00706247	0,78136
32,61	3,77	19,33	3,74	59,32	33,27	11,68	10,47	108,50559804	7,04	4,14	4,54	36,58	333,42247989	21,07	38,88	39,23	36,97	19,49	46,31	0,644134	1,47294	0,0070359	0,782737
32,65	3,83	19,98	3,88	59,32	34,01	11,72	10,5	108,642735546	7,04	4,2	4,6	37,14	338,41236012	20,8	39,05	39,87	36,9	19,33	46,45	0,64407	1,46973	0,0070359	0,782764
32,89	3,84	19,98	4,09	59,74	34,41	11,74	10,43	107,494730244	7,14	4,18	4,62	38,46	337,41727708	20,8	38,97	40,05	36,48	19,52	46,4	0,644746	1,46682	0,0070359	0,779831
33,36	3,86	19,95	4,09	59,41	34,44	11,61	10,41	107,064314784	7,08	4,17	4,64	38,01	339,25873618	20,82	39,09	39,69	36,5	19,34	46,03	0,644837	1,46604	0,0070359	0,779941
32,78	3,82	19,57	4,07	59,49	34,35	11,86	10,35	106,81820105	7,07	4,17	4,64	37,53	339,0130534	20,94	38,91	39,43	36,39	19,51	46,01	0,643815	1,46522	0,0070359	0,782398
33,26	3,86	19,99	4,09	59,45	34,26	11,59	10,51	106,166914581	7,15	4,23	4,63	37,81	341,69117047	21	39,3	39,69	36,48	19,08	46,27	0,641611	1,46139	0,0070359	0,784433
33,11	3,84	20	4,1	60,33	35,02	11,72	10,6	106,375682875	7,24	4,24	4,66	37,07	343,61709979	20,88	39,09	39,46	36,62	19,14	46,75	0,640473	1,45915	0,0070359	0,784711
33,32	3,86	20,16	4,12	61,97	35,81	11,81	10,62	108,24699438	7,22	4,25	4,67	38,08	336,86967633	20,98	39,44	39,79	37,05	19	46,91	0,64083	1,45935	0,0070359	0,781437
33,86	3,81	19,79	4,12	61,76	35,81	11,92	10,56	110,0071196	7,18	4,34	4,63	39,15	328,96487228	20,9	39,58	40,73	36,92	19,19	47,09	0,641227	1,46053	0,00693513	0,778394
33,78	3,8	19,75	4,12	61,59	35,7	11,84	10,56	110,15412894	7,17	4,28	4,66	38,98	327,8400276	20,9	39,44	41,07	37,06	18,94	47,24	0,640669	1,46002	0,00693513	0,78046
33,85	3,75	19,52	4,05	60,54	35,36	11,9	10,48	110,178114696	7,25	4,23	4,61	39,23	318,31977408	20,88	39,32	40,58	36,86	18,79	47,06	0,640559	1,45788	0,00693513	0,777072
33,3	3,71	18,98	4,05	61,04	35,81	11,69	10,41	108,863013904	7,18	4,29	4,54	39,5	317,71810752	20,57	39,57	40,94	36,59	18,57	47,02	0,640946	1,45517	0,00693513	0,773112
33,38	3,68	19,13	3,97	60,67	35,97	11,46	10,44	108,837244152	7,21	4,32	4,58	39,08	323,30352272	20,72	40,04	41,56	36,93	18,74	47,16	0,641359	1,45236	0,00693513	0,775048
33,34	3,66	19,16	4,02	62,22	36,05	11,68	10,48	107,857978916	7,2	4,3	4,62	39,04	324,03922419	20,76	39,63	41,82	36,91	18,68	47,72	0,641116	1,45162	0,00693513	0,779109
33,64	3,74	19,67	3,99	61,63	35,42	11,59	10,63	108,435359348	7,16	4,29	4,69	38,76	324,56627272	20,95	40,04	42,45	36,87	18,82	48,3	0,640653	1,45193	0,00693513	0,783371
33,56	3,73	19,7	4,07	61,34	35,72	11,85	10,65	107,533932546	7,1	4,42	4,64	38,1	330,557061	20,74	40,29	42,12	37,1	19,06	49,91	0,641775	1,45473	0,00693513	0,788919
33,63	3,68	19,37	4,05	61,8	35,16	11,76	10,53	106,749377178	7,05	4,44	4,65	39,04	331,9065821	20,39	40,2	41,11	36,72	19,09	49,06	0,642911	1,45918	0,00693513	0,79231
34,19	3,74	20,04	4,08	61,84	34,78	11,86	10,69	105,49463082	7,17	4,53	4,65	39,55	333,30839169	20,68	40,37	42,79	37,1	18,65	49,85	0,64365	1,46238	0,00693513	0,794329
34,08	3,7	19,96	4,15	61,08	35,2	12,17	10,72	103,868210615	7,16	4,48	4,66	39,85	332,10528846	20,8	40,47	41,87	37,26	19,08	49	0,64365	1,46305	0,00693513	0,795138
34,1	3,69	20,01	4,2	60,67	34,64	12,01	10,78	104,068953438	7,2	4,54	4,66	39,84	338,6260484	20,7	40,58	42,1	37,15	19,47	49,4	0,64365	1,46326	0,00693513	0,79363
34	3,69	20,93	4,3	61,92	35,78	12,24	10,8	103,545235875	7,33	4,6	4,7	39,53	337,6255035	20,64	40,48	42,08	36,64	19,6	48,59	0,64294	1,46375	0,00693513	0,791619
34,11	3,74	21,3	4,36	62,8	35,76	12,23	10,82	105,63674465	7,4	4,56	4,71	39,9	339,60269228	20,84	40,84	41,32	37,1	19,52	49,3	0,642056	1,46435	0,00693513	0,792964
34,53	3,69	20,93	4,35	62,93	35,99	12,25	10,75	105,077802255	7,33	4,52	4,71	40,48	341,88217236	20,59	40,53	41,95	36,46	19,73	49,93	0,641455	1,46435	0,00693513	0,794853
33,91	3,66	20,7	4,28	63,94	36,84	12,25	10,77	103,614910737	7,27	4,51	4,67	41,03	342,93433552	20,4	40,27	41,99	36,21	19,72	49,71	0,641008	1,46211	0,00693513	0,793352
33,67	3,72	21,11	4,34	65,11	36,91	12,34	10,78	105,14619945	7,38	4,56	4,73	40,35	342,52569736	20,56	40,62	41,2	37,97	19,31	49,7	0,640346	1,45755	0,00693513	0,791912
33,5	3,69	20,98	4,33	65,78	36,95	12,29	10,78	104,90236963	7,3	4,6	4,73	40	342,68692688	20,64	40,84	41,11	38,21	19,45	49,37	0,640346	1,45417	0,00693513	0,796724
33,81	3,72	21,22	4,39	65,36	37,13	12,26	10,71	105,120719959	7,26	4,69	4,76	39,77	343,85145462	20,45	40,39	40,98	38,05	19,44	50	0,639937	1,45207	0,00693513	0,798114
33,54	3,69	21,15	4,33	66,12	37,45	12,19	10,75	106,573164348	7,15	4,66	4,73	38,58	339,23820085	20,29	40,75	41,02	38,17	19,3	49,48	0,639328	1,44921	0,006835	0,795307
33,5	3,67	21,38	4,32	65,83	37,31	12,25	10,74	107,625414282	7,07	4,72	4,69	38,62	340,2455964	20,47	40,85	40,87	38,5	19,26	49,11	0,639304	1,44849	0,006835	0,795338
33,85	3,67	21,67	4,44	66,08	36,3	12,17	10,85	106,83529161	7,08	4,69	4,69	38,34	338,41925898	20,34	41	40,86	38,39	19,4	48,33	0,639376	1,44777	0,00686487	0,796543
33,46	3,42	21,4	4,43	67,59	37,88	12,14	10,78	105,404621575	7,04	4,68	4,71	38,64	335,12658689	20,42	40,97	40,19	38,92	19,51	47,22	0,639237	1,44583	0,006835	0,787477
33,8	3,29	21,37	4,41	66,12	37,78	12,12	10,71	105,973616228	7,08	4,81	4,7	37,93	337,57222928	20,55	41,28	41,32	38,85	19,66	47,69	0,638751	1,44356	0,006835	0,781924
33,97	3,35	21,6	4,44	66,62	38,46	12,24	10,85	105,828995967	7,08	4,81	4,73	38,52	338,20287992	21,09	41,28	41,87	39,12	19,96	24,17	0,638126	1,44159	0,006835	0,781448
34,34	3,36	22,11	4,47	66,2	37,56	12,6	10,77	106,032654168	7,04	4,85	4,77	39,7	338,94117445	20,81	41,33	42,21	39,08	19,8	24,27	0,638021	1,44186	0,006835	0,782503
34,46	3,41	22,12	4,53	64,86	37,6	12,62	10,75	105,269977512	6,94	4,71	4,78	39,95	339,9248047	20,97	41,28	41,2	38,88	19,97	24,19	0,637727	1,44147	0,006835	0,784285
34,49	3,45	21,9	4,5	65,53	37,92	12,3	10,66	105,210700925	6,92	4,8	4,77	39,98	338,25586532	21,11	41,2	41,03	39	19,79	24,07	0,637864	1,44317	0,006835	0,782203
34,27	3,44	21,87	4,45	65,03	37,24	12,34	10,67	106,61538847	6,97	4,76	4,77	40,25	337,61280755	21,23	41,28	40,86	38,99	19,77	24,05	0,638223	1,44479	0,00686487	0,781855
34,42	3,48	21,91	4,45	65,2	37,24	12,48	10,52	106,65892634	7,02	4,76	4,76	40,22	339,6255008	21,14	41,19	40,94	39,07	19,82	24,02	0,638363	1,44538	0,00686487	0,78392
34,27	3,52	21,97	4,41	66,79	37,78	12,63	10,63	105,933776784	7,04	4,75	4,79	39,29	341,04249774	21,21	41,48	41,49	39,48	19,9	24,18	0,638363	1,44552	0,006835	0,784926
34,26	3,5	21,85	4,4	66,92	38,5	12,57	10,6	107,84746838	6,97	4,72	4,74	38,97	341,14497966	21,09	41,08	42,04	39,5	19,87	23,98	0,638852	1,44652	0,006835	0,786447
34,5	3,53	22,05	4,41	66,41	38,17	12,33	10,6	108,929653902	6,94	4,71	4,75	38,84	345,78747966	21,24	41,89	41,99	39,69	19,74	23,99	0,639928	1,45113	0,006835	0,789361
34,36	3,53	22	4,44	65,78	38,25	12,52	10,63	107,936210304	6,93	4,72	4,73	38,56	348,48529336	21,33	41,69	42,58	39,68	20,21	24,07	0,640462	1,45113	0,006835	0,793256
34,31	3,52	22,15	4,44	65,53	38,28	12,57	10,71	109,165152382	6,86	4,68	4,74	39,53	352,05018998	21,29	41,69	42,35	39,7	20,34	23,9	0,639806	1,45519	0,006835	0,797179
34,58	3,5	22,07	4,49	65,03	37,85	12,36	10,75	108,962751508	6,81	4,77	4,73	39	351,59551691	21,46	41,54	42,63	39,75	20,41	23,9	0,638392	1,45993	0,006835	0,798881
34,74	3,49	21,97	4,49	65,53	37,92	12,77	10,75	109,368403523	6,78	4,73	4,76	39,17	350,06357175	21,52	41,55	43,22	39,91	20,27	24,04	0,636856	1,46287	0,006835	0,795075
34,52	3,47	21,96	4,52	65,15	37,63	12,39	10,78	109,998148831	6,87	4,87	4,75	39,24	347,9431131	21,32	41,49	42,67	39,86	20,35	23,73	0,636731	1,46381	0,006835	0,78947
34,5	3,47	22,14	4,5	65,91	38,03	12,46	10,82	109,706491034	6,86	4,9	4,77	39,34	345,94702845	21,37	41,79	42,71	40,04	20,63	23,76	0,636326	1,46489	0,006835	0,789563
34,56	3,48	22,17	4,55	65,41	38,28	12,6	10,82	109,663054486	6,8	4,83	4,77	38,78	342,76286535	21,39	41,38	42,45	39,7	20,65	23,73	0,635411	1,46431	0,006835	0,791655
34,31	3,45	21,98	4,54	65,28	38,61	12,3	10,81	109,384851361	6,88	4,83	4,8	39,04	344,60357778	21,26	41,39	43,08	39,75	20,67	23,82	0,634714	1,46309	0,006835	0,793122
34,06	3,44	21,72	4,52	65,7	38,43	12,51	10,65	109,24354948	6,77	4,75	4,78	40,06	344,13370243	21,25	41,36	42,62	39,7	20,47	24,17	0,634621	1,4612	0,006835	0,788809
33,94	3,43	21,76	4,47	67,21	38,68	12,36	10,63	109,940463211	6,74	4,74	4,84	39,97	342,7663998	21,39	40,97	42,5	39,99	20,5	24,07	0,6354	1,46057	0,006835	0,784542
34,22	3,42	22,01	4,48	68,55	38,71	12,36	10,6	111,116845776	6,72	4,71	4,84	38,99	344,93173572	21,57	41,23	42,17	40,08	20,75	23,99	0,635994	1,46136	0,006835	0,784542
34,29	3,53	21,81	4,52	67,17	38,79	12,23	10,63	110,50006996	6,61	4,71	4,84	39,22	344,46331609	21,55	41,57	42,58	40,28	20,71	24,18	0,635994	1,46305	0,006835	0,783637
34,67	3,55	21,89	4,64	66,92	39,04	12,47	10,74	111,360162896	6,64	4,66	4,86	38,49	342,92405224	21,81	41,61	42,79	40,33	20,87	24,43	0,635909	1,46456	0,006835	0,781718
34,84	3,59	21,86	4,68	66,45	38,64	12,29	10,72	112,811927112	6,76	4,75	4,86	38,2	345,73114875	21,83	41,52	42,97	39,53	20,88	24,39	0,635372	1,46889	0,006835	0,781755
34,67	3,55	21,95	4,71	65,24	38,28	12,38	10,69	113,345049408	6,71	4,65	4,86	38,56	345,20924227	21,9	41,29	42,4	39,45	20,84	24,67	0,634907	1,47828	0,006835	0,778849
34,81	3,59	22,11	4,92	65,62	38,1	12,33	10,71	113,65711096	6,62	4,75	4,86	38,77	345,74962948	22,13	41,23	42,82	40,16	21,09	24,91	0,635349	1,48235	0,006835	0,776948
34,83	3,57	22,41	4,89	65,32	38,35	12,24	10,71	112,484128851	6,67	4,78	4,88	38,11	345,38334123	21,99	41,28	43,37	39,65	21,1	24,77	0,635635	1,48431	0,006835	0,778469
34,67	3,57	21,94	4,91	65,2	38,75	12,43	10,76	112,491707061	6,6	4,75	4,86	38,5	343,8842526	21,92	41,44	42,84	39,57	20,84	24,62	0,635294	1,48441	0,006835	0,778988
35,47	3,68	22,23	5,02	65,95	39,36	12,49	10,76	112,26360294	6,69	4,75	4,88	38,21	347,74324482	22,09	41,73	42,83	39,76	21,19	25,05	0,634415	1,4814	0,006835	0,778611
35,28	3,75	21,57	5,08	66,66	39,18	12,53	10,82	113,761387056	6,68	4,77	4,88	37,97	350,89871496	21,89	41,77	42,76	40,1	21,53	25,05	0,63302	1,48371	0,006835	0,783326
35,24	3,71	21,28	5,11	66,12	39,33	12,31	10,8	113,490939744	6,62	4,75	4,85	37,94	350,0791866	21,58	41,21	42,37	39,91	21,42	24,76	0,632785	1,48512	0,00673851	0,785565
35,3	3,79	21,28	5,05	67	39,33	12,38	10,78	113,422927101	6,53	4,77	4,86	37,45	349,49403808	21,66	41,28	42,12	40,28	21,75	25,05	0,63281	1,48423	0,00673851	0,784886
35,55	3,78	20,92	5,62	66,62	39,43	12,6	10,82	113,3761079	6,66	4,69	4,88	38,44	346,5364672	22,48	41,46	42,92	40,66	21,82	25,27	0,632764	1,48115	0,00673851	0,78232
35,63	3,78	20,63	5,95	66,16	39,43	12,57	10,86	112,424452336	6,67	4,58	4,92	38,38	343,8768168	22,29	41,95	43,08	40,74	21,85	25,31	0,633119	1,47608	0,00673851	0,77913
35,7	3,78	20,59	5,69	66,62	40,12	12,24	10,89	110,071957162	6,74	4,61	4,92	39,24	348,01925312	22,31	42,05	43,44	40,37	21,62	25,13	0,632623	1,46977	0,00673851	0,779072
35,73	3,82	20,76	5,51	67,38	40,16	12,51	10,9	110,63065	6,7	4,62	4,92	39,08	353,86751693	22,36	41,95	42,92	40,41	21,68	25,27	0,63274	1,46725	0,00673851	0,777577
35,7	3,8	20,81	5,51	66,5	39,83	12,49	10,95	111,235420864	6,67	4,68	4,92	38,74	353,6526156	22,35	42,45	42,79	40,24	21,65	25,05	0,633281	1,47031	0,00673851	0,77772
35,77	3,81	20,76	5,53	66,08	39,83	12,31	10,88	110,440418914	6,53	4,75	4,91	39,73	355,15385065	22,67	41,91	42,12	40,57	21,76	24,75	0,633019	1,47469	0,00673851	0,780095
35,63	3,83	20,75	5,62	66,96	39,8	12,31	11,01	110,877808756	6,56	4,95	4,91	39,63	356,07602978	22,73	42,65	43,23	41	22,05	25,33	0,632865	1,47802	0,00673851	0,781657
35,67	3,84	20,55	5,54	67,08	39,43	12,56	11,2	111,924632448	6,59	4,87	4,92	40,2	355,01538396	22,98	42,52	43,13	41,48	21,9	25,25	0,632645	1,47942	0,00673851	0,783318
35,46	3,84	20,43	5,62	67,21	39,8	12,44	11,26	112,325268489	6,57	4,93	4,91	41,02	351,67950105	22,97	42,45	42,38	41,48	21,68	25,2	0,632563	1,47973	0,00673851	0,782745
35,53	3,8	20,31	5,58	67,21	39,9	12,42	11,13	113,738912768	6,62	5,03	4,92	41,63	349,68834159	22,89	42,43	43,23	41,32	21,29	25,38	0,633171	1,48096	0,00673851	0,781409
35,51	3,79	20,51	5,42	66,45	39,54	12,51	11,39	115,496704656	6,63	4,93	4,88	41,55	350,50505699	23,14	42,56	42,47	40,93	21,47	25,53	0,634082	1,48173	0,00673851	0,780131
35,63	3,89	20,6	5,33	66,33	39,43	12,35	11,35	114,897709746	6,6	4,91	4,88	41,32	348,59585112	23,13	42,82	42,29	41,03	21,68	25,25	0,634464	1,48374	0,00663607	0,779438
35,44	3,89	20,89	5,35	67,29	40,16	12,67	11,38	115,33825242	6,67	4,83	4,9	41,93	347,7985981	23,12	42,87	41,86	41,48	21,89	25,34	0,633665	1,48455	0,00666149	0,779206
35,32	3,89	20,81	5,38	67,71	40,59	12,72	11,39	116,745832236	6,81	4,89	4,89	41,64	348,3455952	22,89	42,87	41,87	40,82	21,81	25,39	0,633005	1,48321	0,00666149	0,778252
35,56	3,92	20,92	5,35	67,21	40,48	12,71	11,48	117,351503588	6,9	4,95	4,9	41,56	346,32460125	22,73	42,56	42,28	40,95	22	25,4	0,632594	1,48132	0,00666149	0,778695
35,22	3,88	20,84	5,37	66,62	40,48	12,61	11,32	117,216980725	6,9	4,97	4,91	41,72	347,2750318	22,55	43,59	41,82	40,86	21,82	25,4	0,632212	1,47725	0,00666149	0,780218
35,86	3,91	20,88	5,42	66,71	40,52	12,77	11,39	117,62211175	6,96	5,06	4,92	40,8	352,93609974	22,8	44,41	41,49	41,65	21,72	25,82	0,632212	1,4729	0,00666149	0,781818
36,66	3,9	20,86	5,44	65,91	40,77	12,77	11,39	118,087014528	6,92	5,03	4,92	41,4	354,0455093	22,5	44,58	41,45	41	21,76	25,5	0,632284	1,47168	0,00666149	0,786593
37,14	3,89	20,89	5,58	65,15	40,48	12,62	11,35	118,001960552	6,9	4,91	4,93	41,51	357,68868066	22,53	45,08	41,5	41,1	21,94	25,61	0,632526	1,47062	0,00666149	0,788451
37,32	3,92	21,08	5,62	63,64	40,16	12,76	11,35	118,997932545	6,95	4,95	4,97	41,22	356,96031943	22,71	45,57	42,81	41,61	22,5	25,78	0,632413	1,47135	0,00666149	0,787453
37,21	3,94	21	5,59	62,89	40,19	12,69	11,39	120,07446282	7,05	4,95	5	42,06	353,80526512	22,66	45,15	42,54	41,32	22,43	25,54	0,630734	1,47537	0,00666149	0,787792
37,18	3,94	20,93	5,58	62,64	40,84	12,94	11,38	119,858230674	7,07	5,05	5,06	41,23	351,98351136	22,76	45,06	42,2	41,44	22,34	25,59	0,629826	1,47966	0,00666149	0,787488
36,91	4,02	20,89	5,58	63,56	42,14	12,78	11,35	118,48457275	6,95	5,18	5,08	40,49	352,85032536	22,52	44,58	42,2	41,27	22,65	25,2	0,629327	1,4837	0,00666149	0,788792
37,14	4,12	20,8	5,62	64,27	41,45	12,8	11,35	118,544465875	6,99	5,08	5,12	40,64	352,78430869	22,19	44,39	41,53	41,44	22,51	25,1	0,629242	1,48445	0,00666149	0,789739
36,79	4,1	20,82	5,59	63,43	41,78	13,08	11,37	117,47667261	6,86	5,12	5,11	40,91	353,23599222	22,21	44,14	41,7	41,53	21,96	25,13	0,629242	1,4829	0,00666149	0,788526
36,79	4,13	20,79	5,6	64,19	41,92	12,78	11,28	117,605802677	6,71	5,04	5,13	40,27	352,07411896	22,09	43,71	41,91	40,99	21,32	25,1	0,629915	1,48453	0,00666149	0,788308
36,87	4,13	20,78	5,61	64,61	41,74	12,79	11,47	118,210915206	6,82	5,16	5,15	39,42	355,84775101	21,95	43,28	41,95	40,67	21,47	25,1	0,629826	1,48739	0,00666149	0,786769
36,94	4,16	20,39	5,59	65,03	41,56	13,03	11,43	118,19184111	6,8	5,16	5,14	39,36	356,26443468	21,93	43,58	41,46	41	21,59	24,77	0,631743	1,48715	0,00666149	0,783636
37,18	4,13	20,29	5,63	65,11	41,85	12,83	11,54	118,23157881	6,84	5,16	5,16	39,11	356,34627568	22,05	43,94	41,46	41,13	21,56	25,13	0,633155	1,48765	0,00666149	0,782422
37,32	4,15	20,59	5,64	63,9	41,81	13,04	11,66	117,509870737	6,9	5,21	5,24	39,09	357,6767434	22,19	44,35	41,53	41,28	21,49	25,15	0,633487	1,49051	0,00666149	0,784723
37,07	4,13	20,84	5,61	63,64	41,6	12,74	11,62	117,73026031	6,89	5,17	5,22	38,74	358,90094604	22,23	44,13	41,11	41,49	21,51	25,09	0,633343	1,4909	0,00666149	0,787098
36,8	4,09	20,76	5,63	63,94	41,38	13,09	11,53	116,85524136	6,9	5,16	5,24	38,76	359,33647892	22,26	43,91	41,67	41,72	21,28	25,37	0,632437	1,4846	0,00666149	0,787121
35,78	4,09	20,67	5,51	64,15	41,71	13,12	11,48	117,155827965	6,89	5,11	5,2	38,3	360,21675602	22,17	42,8	41,78	40,84	21,31	25,18	0,631356	1,47885	0,00666149	0,788117
35,83	4	20,89	5,44	64,27	41,45	12,88	11,39	117,909154155	6,84	5,09	5,31	38,5	358,19251982	21,95	42,23	41,11	40,82	20,68	25,2	0,631356	1,47885	0,00666149	0,788033
35,54	4,1	21,25	5,26	64,44	41,42	13,34	11,28	117,066636252	6,81	5,08	5,31	38,13	358,5787375	22,25	42,93	40,36	40,86	20,84	25,23	0,63106	1,48011	0,00666149	0,785926
34,85	4,13	21,23	5,29	65,7	41,92	12,95	11,1	116,867335332	6,84	5,12	5,29	37,78	359,71037485	22,14	41,98	40,27	40,59	20,69	24,94	0,63052	1,48236	0,00666149	0,786235
35,17	4,21	21,22	5,34	65,83	41,99	12,88	11,16	118,397528075	6,77	4,99	5,32	37,77	359,65091032	22,47	42,9	40,4	40,89	21,05	24,95	0,629826	1,48261	0,00666149	0,787189
35,05	4,22	21,24	5,36	66,62	41,92	13,15	11,07	119,058716084	6,81	5,01	5,33	37,22	360,7128272	22,52	42,77	40,83	41,07	20,9	25,2	0,62966	1,48379	0,00666149	0,791384
35,32	4,2	21,41	5,3	66,12	42,35	12,95	11,13	119,033841808	6,67	5,11	5,4	37,35	362,89355564	22,73	42,94	40,53	40,99	20,89	25,18	0,629638	1,48348	0,00666149	0,793661
35,08	4,22	21,74	5,32	65,24	42,79	12,9	11,09	117,96448173	6,67	5,11	5,29	37,85	360,1768927	22,52	43,18	40,78	41,24	20,29	24,78	0,629171	1,48191	0,00666149	0,794917
35,01	4,21	21,58	5,29	66,37	43,4	13,06	11,13	117,641076588	6,72	5,03	5,29	37,16	358,0046964	22,53	42,78	40,69	40,91	20,31	24,91	0,6281	1,48022	0,00666149	0,79677
35,27	4,22	21,46	5,17	66,29	42,9	13	11,09	117,657766422	6,61	5	5,28	37,25	356,05116325	22,23	42,41	41,06	40,57	20,01	24,09	0,627726	1,48043	0,00666149	0,797695
35,12	4,2	21,41	5,18	66,66	43,22	13,05	10,91	117,430724488	6,65	5,05	5,27	37,48	358,6427635	22,23	42,25	40,73	40,5	19,86	24,17	0,627726	1,48232	0,00666149	0,79867
34,81	4,16	21,33	5,16	66,25	42,53	13,03	10,86	118,349265411	6,57	5,01	5,22	37,56	356,96684106	22,02	41,76	39,85	40,24	19,84	23,88	0,627928	1,48437	0,00666149	0,799263
34,54	4,07	21,28	5,11	65,95	42,25	12,93	10,72	119,686467105	6,56	5,1	5,15	37,41	354,98259654	21,6	41,1	39,27	39,44	19,55	23,63	0,628313	1,48689	0,00666149	0,798198
34	4,07	21,25	4,98	65,83	42,1	12,86	10,66	120,33861972	6,57	4,95	5,15	37,92	359,19652615	21,41	41,29	39,27	39,65	19,52	23,36	0,628313	1,49028	0,00666149	0,797665
34,2	4,12	21,74	5,2	65,45	42,9	12,91	10,74	119,562620772	6,67	4,93	5,29	37,78	362,3847125	21,53	41,52	39,51	39,67	19,69	23,53	0,628694	1,49007	0,00666149	0,796625
34,17	4,08	21,49	5,22	65,95	43,15	12,97	10,57	119,083504	6,62	4,98	5,26	37,94	363,02626735	21,33	41,19	39,43	39,07	19,65	23,22	0,629229	1,4912	0,00666149	0,793795
33,56	4	21,02	5,26	65,45	42,9	13,07	10,56	119,16176435	6,55	5	5,16	38,24	362,6124928	21,13	40,59	39,27	39,04	19,3	23,46	0,629375	1,49218	0,00666149	0,793984
33,5	4,01	21,27	5,16	65,03	42,21	12,87	10,6	118,384191276	6,54	5,01	5,22	37,89	371,80431582	21,34	41,12	39,35	39,08	19,26	23,51	0,628911	1,49196	0,00666149	0,796206
33,64	4,05	21,52	5,3	64,19	42,07	12,97	10,42	117,792643371	6,64	5,04	5,27	38,13	379,06309125	21,29	40,9	40,54	39,48	19,19	23,5	0,628456	1,49169	0,00666149	0,795933
33,74	4,06	21,7	5,24	63,73	42,57	12,79	10,38	116,901118566	6,67	4,94	5,28	38,08	372,89990251	21,25	41,05	40,31	39,66	19,28	23,59	0,628052	1,49001	0,00666149	0,792443
33,77	4,09	21,89	5,22	64,32	42,71	12,95	10,37	116,491598371	6,64	4,93	5,27	38,26	370,895656	21,28	40,87	40,36	39,74	19,45	23,67	0,628347	1,48963	0,00666149	0,78713
33,77	4,08	22,17	5,15	63,85	41,89	12,98	10,29	117,404648328	6,68	4,87	5,29	38,16	375,72131664	21,41	41,1	39,81	40,09	19,82	23,6	0,628965	1,49158	0,00666149	0,785502
34,02	4,11	22,57	5,17	62,6	40,84	13,12	10,41	116,647206725	6,67	4,95	5,29	37,97	382,79341248	21,33	40,87	40	39,83	19,97	23,46	0,629449	1,49405	0,00666149	0,786088
34,22	4,12	22,56	5,17	62,64	41,78	12,91	10,41	116,157130316	6,6	5,03	5,33	37,95	391,7353017	21,32	40,84	39,43	39,79	19,93	23,34	0,629729	1,49509	0,00666149	0,784569
33,95	4,21	22,48	5,19	64,32	41,92	13,16	10,44	116,340930695	6,64	4,97	5,34	38,14	389,80181283	21,66	40,81	39,78	39,66	20,19	23,63	0,629435	1,49501	0,00666149	0,783663
34,69	4,23	22,72	5,2	64,36	41,74	13,15	10,49	116,71825452	6,69	5,01	5,36	38,64	390,15759894	22,01	41,69	40,02	39,93	20,23	23,48	0,627954	1,49496	0,00666149	0,785373
34,77	4,24	23,09	5,18	64,23	41,78	13,11	10,56	121,430712956	6,69	5,16	5,37	38,91	387,96349926	22,87	41,53	39,83	40,41	20,41	23,98	0,626953	1,49437	0,00666149	0,786657
34,7	4,2	22,92	5,19	63,43	41,96	13,28	10,62	123,772659476	6,63	5,22	5,37	38,64	385,58109586	23,17	42,1	40,52	40,53	20,66	24,07	0,626553	1,49278	0,00663607	0,784834
34,62	4,22	22,7	5,16	63,43	41,81	13,04	10,6	125,023616102	6,61	5,22	5,36	38,8	388,73359508	23	41,8	40,48	40,21	20,5	23,88	0,62658	1,49182	0,00666149	0,783074
34,37	4,23	22,56	5,2	64,11	42,28	13,04	10,5	125,323426722	6,6	5,12	5,35	38,23	397,58092712	23,37	41,56	40,74	40,25	20,58	23,99	0,62658	1,49087	0,00663607	0,782578
34,15	4,2	22,55	5,14	64,94	42,86	13,04	10,53	125,159508552	6,54	5,18	5,32	38,41	392,65528016	22,99	41,39	40,44	40,32	20,68	24,11	0,627011	1,48892	0,00663607	0,780208
33,81	4,17	22,19	5,13	65,36	43,08	12,88	10,46	125,742755815	6,6	5,2	5,27	37,98	390,59546468	22,97	41,38	40,02	40,27	20,71	24,12	0,627579	1,48685	0,00663607	0,778637
34,09	4,22	22,85	5,14	66,04	42,82	13,44	10,5	124,533664248	6,61	5,2	5,33	37,84	387,86443874	23,01	41,61	39,87	40,45	20,78	24,05	0,627426	1,48372	0,00663607	0,779486
34	4,22	22,89	5,17	65,2	42,64	13,17	10,54	125,470299416	6,6	5,22	5,34	37,5	386,99615724	22,84	41,6	40,57	40,46	20,89	24,12	0,626764	1,47917	0,00663607	0,780423
33,84	4,23	22,92	5,14	64,53	42,25	13,26	10,56	124,745676694	6,52	5,24	5,35	37,63	384,97158496	22,82	41,47	40,6	40,53	21,01	23,84	0,626066	1,47506	0,00663607	0,780448
34,19	4,24	23,12	5,46	63,98	42,35	13,39	10,69	123,866393718	6,63	5,28	5,35	37,37	386,65025993	22,52	41,05	39,77	39,98	20,87	23,58	0,626297	1,47577	0,00663607	0,779867
34,16	4,28	23,01	5,46	63,85	42,21	13,43	10,69	123,801723164	6,52	5,16	5,37	37,24	383,08906972	23,27	41,73	40,42	40,57	21,6	23,89	0,626858	1,47724	0,00663607	0,779476
34,85	4,4	22,53	5,41	62,85	41,6	13,29	10,71	123,616506936	6,48	5,29	5,36	37,11	380,17297326	23,14	42,35	40,27	40,39	21,45	23,92	0,627253	1,47953	0,00663607	0,779826
35,32	4,4	21,67	5,36	62,85	41,6	13,32	10,71	123,666637656	6,4	5,36	5,32	38,72	379,45357712	23,17	42,21	40,34	40,45	21,48	24,08	0,628035	1,48013	0,00663607	0,777776
34,75	4,46	21,73	5,38	62,85	41,6	13,22	10,57	123,596454648	6,4	5,5	5,27	39,08	379,123216	22,97	41,9	40,86	40,57	21,08	24	0,629627	1,47929	0,00663607	0,7741
34,39	4,46	21,39	5,35	63,85	42,03	13,1	10,52	123,40929996	6,24	5,39	5,27	39,45	378,40912088	23,05	42,25	40,82	40,07	21,08	24,15	0,631078	1,47705	0,00663607	0,767144
34,53	4,43	21,48	5,35	63,48	41,45	12,97	10,51	125,001799936	6,16	5,34	5,22	40,13	373,40922605	23,17	42,17	40,99	40,89	20,96	24,09	0,631307	1,47586	0,00663607	0,762293
34,64	4,48	22,13	5,3	63,69	41,38	13,03	10,56	125,096661248	6,25	5,47	5,34	39,46	372,8140583	23,58	42,61	42,03	41,35	20,92	24,12	0,630891	1,47698	0,00663607	0,761078
34,85	4,5	22,31	5,33	63,69	41,38	13,61	10,56	125,113555759	6,39	5,51	5,34	38,87	372,8985106	23,5	42,47	42,37	41,55	21,39	24,08	0,629915	1,47941	0,00653796	0,759715
35,55	4,49	22,28	5,36	64,69	41,96	13,6	10,6	125,2480219	6,46	5,44	5,36	39,3	373,53928182	23,42	42,4	41,87	41,61	21,39	24,04	0,628946	1,481	0,00653796	0,758517
35,32	4,49	22,22	5,38	64,57	42,14	13,62	10,59	128,124981809	6,35	5,47	5,36	39,25	369,507268	23,54	42,33	41,95	41,53	21,23	24,66	0,62851	1,48373	0,00653796	0,752944
35,36	4,46	21,97	5,34	64,73	41,85	13,63	10,6	130,700702736	6,33	5,38	5,31	38,81	370,4957668	23,6	42,61	41,85	41,9	21,16	24,54	0,628339	1,48508	0,00653796	0,75028
34,83	4,41	21,93	5,23	63,94	41,78	13,61	10,63	130,975387067	6,33	5,44	5,31	39,03	364,5061932	23,28	43,13	41,51	41,73	21,06	24,54	0,628623	1,48391	0,00653796	0,750476
34,94	4,45	22,01	5,24	63,35	41,38	13,24	10,77	130,018377804	6,39	5,45	5,38	38,73	369,81369093	23,13	43,34	42,03	42,15	21,47	24,45	0,629342	1,48162	0,00653796	0,751089
34,57	4,42	21,99	5,34	63,01	41,27	13,27	10,78	130,79201473	6,39	5,49	5,42	38,98	366,09459345	22,8	42,99	42	41,82	21,42	24,26	0,629519	1,4797	0,00653796	0,751935
34,52	4,4	21,79	5,32	62,97	41,06	13,51	10,78	131,010035555	6,44	5,46	5,39	39,22	369,25058313	22,53	42,21	41,98	41,62	21,39	23,93	0,628837	1,48003	0,00653796	0,755469
34,85	4,41	22,34	5,39	63,81	41,6	13,51	10,82	129,517338853	6,46	5,37	5,5	39,38	376,27315236	22,68	42,61	41,72	41,73	21,79	24,47	0,628694	1,48021	0,00653796	0,757836
34,77	4,35	21,97	5,36	63,56	41,92	13,35	10,77	129,940276566	6,36	5,41	5,46	40,04	376,3839025	22,46	42,46	41,66	41,38	21,68	24,63	0,628346	1,48073	0,00653796	0,756125
34,53	4,32	21,91	5,33	64,06	41,92	13,61	10,76	130,19651883	6,38	5,42	5,46	39,77	375,10713225	22,45	42,44	41,88	41,61	21,47	24,6	0,627658	1,48365	0,00643927	0,754515
34,75	4,13	22,1	5,43	63,31	41,53	13,6	10,72	129,777661199	6,29	5,37	5,5	39,23	376,56242415	22,52	42,02	42,12	41,72	21,68	24,52	0,62698	1,48751	0,00643927	0,756195
34,42	4,13	22,85	5,49	63,56	41,31	13,57	10,74	128,57991296	6,29	5,4	5,5	38,7	380,75701486	22,33	42,27	41,74	41,05	22,01	24,33	0,626192	1,4912	0,00646204	0,761834
34,12	4,1	23,07	5,41	63,06	41,06	13,23	10,56	128,61871457	6,22	5,45	5,55	38,57	381,9345201	22,27	42,19	42,37	41,15	22,17	24,17	0,625594	1,49165	0,00646204	0,76419
34,66	4,08	23,41	5,4	63,22	41,31	13,55	10,71	127,901813384	6,33	5,44	5,59	37,92	377,48205885	22,18	42,22	41,78	41,14	21,92	23,98	0,624783	1,48994	0,00643927	0,762359
34,73	4,11	24,23	5,42	62,3	41,16	13,34	10,75	129,480295564	6,32	5,63	5,61	39,49	368,48571765	22,46	42,45	41,78	41,6	21,6	24,31	0,623899	1,49063	0,00643927	0,758685
35,05	4,16	24,19	5,44	64,57	41,27	13,62	10,75	128,537662318	6,4	5,63	5,61	39,72	368,39801468	22,66	42,42	41,87	41,62	21,83	24,36	0,623535	1,49071	0,00643927	0,758083
35,22	4,16	24,54	5,52	65,24	41,92	13,73	10,8	129,32609992	6,27	5,69	5,63	38,99	371,52113669	22,42	42,1	41,53	41,17	21,83	24,5	0,623934	1,49104	0,00643927	0,760519
35,35	4,18	24,81	5,78	65,24	41,71	13,59	10,71	132,991028736	6,33	5,64	5,73	40,32	375,28942128	22,46	41,85	41,82	41,03	21,82	24,18	0,624263	1,49168	0,00643927	0,761576
34,69	4,16	24,61	5,68	67,63	41,78	13,49	10,42	131,828839987	6,26	5,61	5,66	41,66	375,4972389	22,04	41,61	40,94	41,07	21,64	24,04	0,624238	1,49143	0,00643927	0,761565
34,9	4,17	24,41	5,78	68,22	42,97	13,34	10,46	130,62995025	6,27	5,51	5,66	42,12	374,7147729	22,06	41,75	41,36	40,97	21,6	23,99	0,62366	1,49075	0,00643927	0,761538
35,03	4,18	24,03	5,71	68,34	42,9	13,36	10,42	130,455331349	6,22	5,56	5,65	42,59	375,22735257	22,15	41,86	41,03	41,16	21,57	24,17	0,62257	1,49093	0,00643927	0,761311
34,85	4,17	24,16	5,72	68,05	42,61	13,62	10,42	130,466801766	6,19	5,67	5,67	42,37	371,01908684	22,01	41,61	41,32	40,74	21,42	24,18	0,621649	1,48673	0,00643927	0,758932
35,01	4,19	24,07	5,76	68,64	42,64	13,59	10,41	128,952269915	6,17	5,67	5,69	42,51	369,91863544	22,18	41,1	40,69	40,89	21,85	23,97	0,621649	1,48673	0,00643927	0,758932
35,21	4,14	24,03	5,73	68,3	42,82	13,92	10,33	128,96085602	6,16	5,63	5,72	41,67	369,6279024	22,18	41,24	41,34	40,99	21,76	23,99	0,621339	1,48465	0,00643927	0,755808
34,84	4,15	23,86	5,73	67,5	42,64	13,6	10,28	129,32563185	6,16	5,72	5,7	42,11	361,64576834	22,09	41,22	41,22	40,99	21,68	24	0,620481	1,4845	0,00633791	0,754781
34,93	4,12	24,07	5,77	67,59	42,71	13,7	10,28	129,0383563	6,17	5,73	5,7	41,01	349,26187844	21,98	41,18	41,11	40,91	21,82	23,91	0,619873	1,48337	0,00636073	0,758902
34,51	4,13	24,1	5,76	67,71	42,9	13,91	10,32	130,172825196	6,11	5,65	5,67	40,89	350,97201861	22,01	40,94	40,68	40,82	21,6	23,95	0,621015	1,48338	0,00646204	0,766097
34,15	4,09	23,88	5,71	67	42,28	13,83	10,31	130,668139332	6,05	5,69	5,59	40,97	357,20141527	22,01	40,91	41,88	40,52	21,82	23,92	0,621763	1,48471	0,00646204	0,768853
34,07	4,09	23,56	5,71	67,97	42,43	13,85	10,26	130,994653464	6,05	5,66	5,63	41,05	349,10467676	21,69	40,91	41,78	40,54	21,63	24,15	0,620785	1,48842	0,00643927	0,768124
34,48	4,2	23,85	5,67	67,21	41,89	13,88	10,24	130,541080663	6,19	5,66	5,64	40,43	344,74895808	21,49	40,25	41,62	40,74	21,81	23,92	0,620074	1,49191	0,00646204	0,769632
33,57	4,27	23,94	5,71	68,64	42,64	13,7	10,22	130,675460202	6,26	5,73	5,67	40,26	355,15410028	21,58	40,44	41,13	40,45	21,73	23,93	0,620074	1,49562	0,00643927	0,772007
32,84	4,16	22,13	5,58	68,51	43,33	13,43	9,95	132,63954795	6,14	5,67	5,52	39,72	353,246765	21,38	39,73	41,3	39,91	21,16	23,46	0,620247	1,5093	0,00643927	0,773375
32,76	4,13	22,02	5,47	67,63	45,31	13,39	10,03	134,63135634	6,05	5,49	5,4	41,36	355,20784781	21,21	39,58	40,19	39,88	20,71	22,85	0,620148	1,51658	0,00643927	0,773351
32,28	3,98	21,59	5,38	67,17	44,59	13,12	10,04	135,287666688	5,99	5,46	5,32	40,08	353,78571342	21,27	39,03	40,06	40,21	20,8	22,95	0,619688	1,51744	0,00643927	0,772846
32,67	3,85	21,34	5,4	68,71	45,36	13,19	9,9	136,415901928	5,92	5,42	5,39	39,79	354,17943	21,25	39,12	40,44	40,12	20,88	22,94	0,619749	1,51924	0,00643927	0,77325
32,45	3,85	21,25	5,28	68,44	45,24	12,66	9,96	137,41194472	5,82	5,32	5,37	38,8	342,66997099	21,24	39,02	40,27	39,7	20,52	23,2	0,619254	1,5217	0,00643927	0,772841
33,55	3,88	21,5	5,4	68,64	44,97	12,82	10,06	138,296827719	5,85	5,34	5,42	39,03	344,6382096	21,17	38,8	40,76	39,61	20,6	23,06	0,618332	1,52291	0,00643927	0,772039
33,75	3,84	21,81	5,37	69,06	45,3	12,8	10,12	136,80739592	5,95	5,46	5,52	39,39	351,84521625	21,15	39,19	40,66	39,07	20,34	23,27	0,617935	1,5236	0,00643927	0,771675
34,11	3,86	22,17	5,43	68,68	45,03	12,81	10,22	137,173843088	6,05	5,48	5,5	38,99	347,27283022	21,21	38,8	40,19	39,15	20,2	23,08	0,618225	1,52552	0,00633791	0,770878
33,25	3,84	22,08	5,53	69,79	45,17	13,06	10,23	136,470265645	5,97	5,65	5,52	39,36	350,38699767	21,13	39,21	40,23	39,62	20,7	23,12	0,617952	1,52201	0,00633791	0,769557
33,08	3,82	21,92	5,41	67,71	43,48	13,15	10,2	135,37325568	5,98	5,45	5,55	39,25	354,77141718	20,88	38,45	40,19	39,11	20,54	23,1	0,618248	1,5184	0,00636073	0,770271
33,01	3,79	21,72	5,42	66,4	43,16	12,97	10,01	132,94943694	5,92	5,35	5,47	39,26	365,81294199	20,68	38,32	39,94	38,5	20,52	22,8	0,617952	1,51722	0,00636073	0,773013
32,76	3,71	21,39	5,35	64,99	42,72	12,58	9,72	129,189849711	5,77	5,26	5,37	39,13	364,9763625	20,57	37,43	39,38	38,26	20,29	22,37	0,617287	1,51619	0,00636073	0,774075
32,92	3,78	21,92	5,45	65,41	42,62	12,9	9,8	132,949368084	5,83	5,3	5,36	38,04	363,39031377	21,09	37,62	39,85	38,91	20,32	22,85	0,6165	1,51502	0,00633791	0,772497
33,3	3,79	22,05	5,49	65,17	42,03	12,51	9,8	133,123596012	5,77	5,42	5,39	38,03	361,61480324	20,84	37,57	39,52	38,4	20,26	22,85	0,616227	1,51261	0,00636073	0,771412
33,06	3,82	22,07	5,56	65,2	42,79	12,64	9,87	133,279069637	5,85	5,49	5,43	38,24	357,1519284	20,96	37,48	39,77	38,64	20,3	22,73	0,616904	1,51001	0,00636073	0,769061
33,07	3,83	22,11	5,66	65,93	43,08	12,95	9,99	138,664083592	5,86	5,55	5,43	38,73	356,9668425	20,96	38,01	40,15	38,75	20,42	22,6	0,617841	1,51421	0,00636073	0,770155
33,23	3,8	21,99	5,71	65,91	43,22	13,09	9,83	135,32059035	5,88	5,55	5,39	38,24	361,032485	21,01	38,16	40,08	38,63	20,55	22,85	0,618444	1,51635	0,00636073	0,772262
33,06	3,84	22,51	5,71	66,35	43,39	13,12	10,03	136,160357328	6,05	5,55	5,43	38,35	360,86969985	21,53	37,69	40,82	39,45	20,84	23,42	0,619573	1,51708	0,00636073	0,772823
33,19	3,83	22,31	5,85	65,6	42,99	13,05	10,18	136,155869748	6,18	5,63	5,37	38,26	357,93007866	21,68	37,6	40,36	39,61	21,2	23,04	0,620476	1,51703	0,00636073	0,770886
33,16	3,82	22,28	5,81	65,49	42,49	13,3	9,95	134,650340352	6,19	5,54	5,38	38,77	359,57483964	21,45	37,23	39,81	39,66	21,27	22,89	0,618646	1,51317	0,00636073	0,768996
32,8	3,8	22,33	5,86	64,3	41,93	13,4	9,87	130,887438684	6,21	5,62	5,35	38,95	359,04686199	21,42	37,25	39,77	39,21	20,93	22,74	0,616612	1,50323	0,00633791	0,768623
32,76	3,78	22,39	5,85	65,2	42,61	13,22	9,81	124,661569857	6,31	5,62	5,4	38,35	360,8864116	21,48	37,08	39,31	39,07	20,67	22,47	0,615958	1,49991	0,00633791	0,769415
33,14	3,77	22,41	5,86	65,74	42,48	13,5	9,95	126,706645814	6,36	5,67	5,44	38,53	361,1644218	21,3	37,37	40,44	39,17	20,71	22,69	0,615613	1,49918	0,00633791	0,76986
32,68	3,76	22,43	5,85	66,79	42,94	13,43	9,93	124,841250244	6,26	5,61	5,46	38,97	365,53213866	21,25	37,22	40,19	38,74	21,1	22,73	0,615131	1,49518	0,00633791	0,766974
32,18	3,87	23,18	5,93	67,24	43,22	13,63	9,93	124,818407094	6,29	5,66	5,59	39,61	359,34978536	21,09	37,17	39,85	38,84	21,17	22,41	0,614964	1,49262	0,00633791	0,762724
32,06	3,94	24,1	6,08	67,03	42,93	13,65	10,03	126,412679488	6,3	5,7	5,61	39,19	357,57530067	21,25	37,69	39,85	38,92	21,08	22,41	0,615826	1,48672	0,00636073	0,761171
31,99	3,97	23,8	6,08	67,92	43,93	13,76	10,04	128,038915422	6,32	5,79	5,61	39,34	357,08024472	21,18	37,81	39,86	38,92	20,99	22,76	0,616481	1,48357	0,00636073	0,760846
32,06	3,94	24,14	6,11	67,93	43,82	13,63	10,03	129,785663485	6,31	5,8	5,65	39,59	366,05646144	20,89	37,83	39,85	38,75	21,08	22,41	0,61603	1,48405	0,00633791	0,760384
32,23	3,94	23,87	6,07	66,98	43,3	13,66	10,12	129,772400213	6,3	5,77	5,67	39,3	363,4778606	20,72	37,88	39,18	38,92	20,93	22,58	0,615313	1,48607	0,00633791	0,76078
31,56	3,93	23,94	5,97	67,48	43,16	13,58	10,16	127,65375054	6,35	5,83	5,57	38,13	367,15134448	20,91	38,06	39,32	38,93	20,84	22,47	0,614919	1,48791	0,00633791	0,761788
31,67	3,93	24,05	5,95	66,81	43,08	13,62	10,16	127,26666055	6,41	5,74	5,59	38,47	367,22215213	20,96	37,97	40,24	38,75	20,75	22,32	0,615549	1,49005	0,00633791	0,760499
32,28	4,01	24	5,98	68,05	44,06	13,62	10,22	126,35750082	6,52	5,73	5,59	38,18	368,89533989	21,12	37,97	40,05	38,84	20,43	22,41	0,616321	1,49055	0,00633791	0,759247
32,45	4,06	24,08	5,91	68,58	44,08	13,49	10,35	126,184565124	6,52	5,77	5,64	38,04	366,13789155	21,05	38,35	39,85	38,89	20,64	22,88	0,617268	1,48851	0,00633791	0,757971
32,56	4,08	24,19	5,93	69,18	44,3	13,49	10,36	125,315727318	6,61	5,92	5,7	38,25	363,52971168	20,8	39,7	40,44	38,96	20,75	23,07	0,619321	1,48497	0,00636073	0,756849
32,45	4,06	23,99	5,94	69,64	44,68	13,72	10,34	125,443957352	6,53	5,83	5,74	38,33	370,25741646	20,73	39,58	40,21	38,63	20,31	22,85	0,620362	1,48424	0,00636073	0,756662
32,76	4,07	23,83	5,86	69,53	44,61	13,43	10,25	124,503619826	6,48	5,85	5,73	38	369,154692	20,77	39,16	40,21	38,69	20,57	23,42	0,622086	1,47982	0,00646204	0,7578
32,88	4,06	23,7	6,37	69,74	44,55	13,7	10,37	124,509262104	6,49	5,93	5,73	37,86	368,99783804	20,64	39,31	40,94	38,71	20,51	23,5	0,62429	1,47096	0,00656393	0,760162
32,92	4,03	23,53	6,16	69,74	44,55	13,63	10,31	125,07299218	6,57	5,93	5,71	37,51	371,82851132	20,72	39,62	41,52	38,79	20,64	23,56	0,624504	1,46876	0,00656393	0,762428
33,01	4,04	23,63	6,22	69,74	44,55	13,46	10,31	125,164108565	6,45	5,83	5,68	37,44	375,68678784	20,48	39,16	41,11	38,48	20,41	23,39	0,62335	1,46983	0,00653796	0,762104
33,04	4,03	23,84	6,05	70,35	43,83	13,82	10,33	125,050000195	6,5	5,83	5,76	37,8	375,60986528	20,6	39,12	41,15	38,31	20,42	22,95	0,622553	1,46849	0,00653796	0,760544
33,5	4,1	23,9	6,07	70,51	44,02	13,7	10,29	125,65837142	6,44	5,81	5,7	36,9	377,42850736	21,1	39,02	41,11	38,31	20,42	23,4	0,619337	1,47122	0,00643927	0,761528
33,4	4,09	23,81	6,04	70,9	43,82	13,54	10,25	125,91951508	6,37	5,83	5,66	37,1	378,30851502	21,66	38,79	41,52	38,09	20,47	23,13	0,61799	1,47208	0,00643927	0,761322
33,2	4,1	24,59	5,98	71,82	43,96	13,69	10,31	126,434732265	6,43	5,77	5,68	36,64	375,80069552	21,84	38,5	41,16	39,13	20,78	23,34	0,619297	1,46715	0,00646204	0,759224
33,12	4,1	25,09	6,02	73,08	44,03	13,79	10,41	125,824435984	6,42	5,8	5,7	36,64	373,98977416	22,01	39,21	41,45	38,09	21,14	23,2	0,621582	1,46224	0,00646204	0,757816
32,99	4,08	25,58	6	72,41	43,78	13,95	10,52	128,841451102	6,55	5,78	5,67	36,82	376,19721316	22,01	39,32	41,7	37,89	22,28	23,1	0,621756	1,46258	0,00643927	0,756662
33,31	3,88	24,81	6,04	73,44	43,36	13,8	10,44	127,53947695	6,56	6,04	5,7	36,67	367,91056797	21,96	39,35	41,57	37,95	22,32	23,36	0,621819	1,4605	0,00643927	0,752789
33,39	3,88	24,78	6,17	72,98	43,44	13,79	10,46	125,805639435	6,45	6,03	5,69	36,74	366,6100116	21,97	38,57	41,74	38	22,27	23,28	0,621685	1,45985	0,00643927	0,751404
33,3	3,86	24,61	6,19	73,56	44,28	14,11	10,42	125,473862752	6,53	5,86	5,72	37,93	365,12287485	21,9	39	41,78	37,77	22,19	23,33	0,620518	1,46468	0,00643927	0,751885
33,36	3,85	24,92	6,13	73,55	44,77	13,77	10,43	126,760481703	6,4	5,91	5,75	38,11	364,41785744	21,93	38,72	41,49	37,54	22,45	23,28	0,619547	1,47093	0,00643927	0,751439
32,92	3,84	24,17	6,22	73,75	43,47	13,99	10,39	127,067125626	6,3	5,89	5,68	38,01	377,89517272	22,03	38,88	41,62	37,47	22,49	23,31	0,61834	1,47231	0,00643927	0,749138
33,01	3,87	24,49	6,3	73,94	43,76	13,63	10,63	126,16415519	6,37	5,85	5,72	37,14	378,02709729	21,9	38,16	41,85	37,82	22,42	22,99	0,61767	1,47494	0,00643927	0,750903
32,71	3,84	24,38	6,39	74,07	43,19	13,98	10,52	125,404682832	6,39	5,93	5,7	37,47	380,3066236	21,81	38,42	41,32	37,88	22,66	23,01	0,61767	1,47708	0,00643927	0,75268
32,76	3,86	24,43	6,45	73,57	43,21	13,99	10,48	123,597508424	6,33	5,92	5,67	34,75	378,288306	21,76	37,89	41,2	38,27	22,89	22,77	0,617287	1,47577	0,00633791	0,75087
32,55	3,81	24,42	6,59	73,94	43,67	13,64	10,33	121,494010695	6,27	5,96	5,67	35,89	379,236374	21,9	38,73	42,12	38,52	23,29	23,42	0,617731	1,47311	0,00636073	0,749479
33	3,81	24,53	6,72	73,94	43,67	13,73	10,41	120,910781232	6,47	5,95	5,7	35,47	379,00938744	21,75	38,47	42,54	38,8	23,38	23,52	0,617315	1,47288	0,00636073	0,749979
32,65	3,83	25,12	6,73	73,8	44,13	13,98	10,46	119,459519159	6,6	5,89	5,71	34,5	378,15415408	22,14	38,95	43,19	38,79	23,46	23,57	0,616301	1,47353	0,00636073	0,749384
32,17	3,86	25,1	6,75	73,71	44,01	13,77	10,44	123,938444778	6,7	5,85	5,76	34,27	379,07516481	22,26	38,97	43,21	38,92	23,4	23,9	0,616125	1,47534	0,00636073	0,748613
31,59	3,96	25,01	6,79	73,64	44,12	14,06	10,34	123,454385006	6,6	5,78	5,74	34,65	377,54256916	22,15	39,16	42,75	38,61	23,38	23,46	0,6154	1,47857	0,00633791	0,748439
32,09	4,08	25,65	6,9	73,74	43,79	14,15	10,48	122,3973804	6,57	5,84	5,83	34,67	379,7732752	22,48	39,11	42,62	38,88	23,41	23,53	0,614161	1,47948	0,00633791	0,748912
32,22	4,05	25,7	6,82	73,16	43,86	13,89	10,42	122,1301625	6,49	5,8	5,77	34,91	374,39179128	22,29	39,11	42,45	38,75	23,52	23,77	0,613376	1,47625	0,00633791	0,747916
32,4	4,09	25,74	6,83	73,26	43,41	14,19	10,41	80,81062288	6,47	5,79	5,72	34,91	374,2129404	22,28	38,66	42,79	38,79	23,48	23,44	0,612265	1,47121	0,00633791	0,74729
32,16	4,15	25,57	6,84	72,6	43,75	14,22	10,39	81,874013468	6,46	5,86	5,72	33,92	372,05928828	22,33	38,71	42,96	39,06	23,57	23,51	0,611577	1,47121	0,00633791	0,747918
32,33	4,19	26,15	6,94	73,38	44,12	13,98	10,44	81,3000125	6,49	5,84	5,74	34,06	369,71022368	22,47	38,61	42,54	39,25	23,76	23,32	0,611196	1,46875	0,00633791	0,746648
32,25	4,2	27,18	7,08	72,78	43,63	14,2	10,44	80,89606637	6,42	5,8	5,77	34,14	365,0785856	22,38	38,97	42,54	39,33	24,24	23,6	0,611064	1,47049	0,00623544	0,74518
32,33	4,38	27,51	7,45	72,74	43,56	14,32	10,44	80,471662261	6,45	5,77	5,81	35,02	358,79962936	22,26	38,92	42,64	38,92	24,13	23,55	0,610101	1,46959	0,00623544	0,743657
32,44	4,3	27,1	7,45	72,72	43,41	14,32	10,37	80,835935256	6,53	5,76	5,83	34,35	362,85581856	22,53	38,92	42,71	38,57	23,58	23,51	0,608888	1,46826	0,00623544	0,740643
32,16	4,23	26,49	7,3	72,93	43,6	13,94	10,36	81,367200522	6,43	5,75	5,77	33,45	362,65936058	22,18	38,45	41,87	38,93	23,58	23,38	0,608243	1,46771	0,00623544	0,738298
32,07	4,21	25,83	7,01	73,99	43,68	13,93	10,39	80,70037764	6,35	5,58	5,78	33,45	356,64245388	22,12	38,5	41,95	38,72	23,65	23,25	0,608767	1,47148	0,00623544	0,738054
31,75	4,18	25,15	6,94	73,69	44,15	13,91	10,34	82,033309881	6,4	5,5	5,67	34	363,43481034	22,06	38,36	41,62	38,39	23,69	23,1	0,609869	1,47633	0,00623544	0,736981
31,78	4,18	25,63	7,07	73,76	43,84	13,63	10,39	81,915042656	6,46	5,52	5,61	33,61	362,7704124	22,18	38,05	41,53	38,8	23,53	23,17	0,610814	1,47533	0,00623544	0,735768
31,85	4,17	25,92	7,17	74,11	43,79	13,83	10,42	81,183744464	6,53	5,69	5,63	33,22	364,81784287	22,56	38,57	41,95	39,06	23,92	23,14	0,609771	1,47344	0,00623544	0,735683
31,65	4,15	25,44	7,14	73,91	43,37	13,79	10,44	80,9528864	6,54	5,72	5,65	33,74	364,93129209	22,41	38,71	42,2	38,75	24,07	23,19	0,609149	1,4738	0,00623544	0,736179
31,82	4,15	25,35	7,22	74,6	43,09	13,92	10,47	79,64578384	6,6	5,73	5,67	33,79	367,01249466	22,57	38,29	41,93	38,79	23,74	23,15	0,609735	1,4728	0,00623544	0,736278
31,83	4,18	26,22	7,25	74,93	43,04	14,25	10,47	80,302863872	6,67	5,7	5,69	34,07	360,48940807	22,89	38,8	42,27	38,65	23,96	23,7	0,609819	1,46993	0,00623544	0,734299
32,63	4,24	26,92	7,44	74,52	44,52	14,19	10,42	80,168473088	6,73	5,88	5,7	33,75	361,61875395	22,89	39,11	42,33	38,59	24,12	23,82	0,609037	1,46747	0,00623544	0,733581
32,34	4,19	27,02	7,37	74,55	44,51	14,2	10,44	79,39450291	6,69	5,78	5,5	33,85	352,92039882	22,84	38,34	41,87	38,28	23,77	23,55	0,608058	1,4647	0,006138	0,733006
31,97	4,19	26,87	7,31	75,1	44,44	14,19	10,45	78,604793841	6,74	5,58	5,5	33,8	348,15643022	23,37	38,43	41,95	37,73	23,62	23,77	0,607892	1,46391	0,006138	0,733177
32,03	4,2	26,84	7,22	76,02	45,29	13,98	10,61	78,22429905	6,65	5,48	5,52	33,31	344,6279493	23,74	38,4	41,82	38,32	23,72	23,73	0,607059	1,46611	0,006138	0,733407
31,87	4,16	26,57	7,14	75,89	44,8	13,98	10,52	78,22429905	6,6	5,43	5,46	33,28	349,76586944	23,25	38,14	41,53	38,06	23,49	23,36	0,605955	1,46611	0,006138	0,734864
32,03	4,1	26,18	7,02	75,57	44,14	13,77	10,47	79,502467366	6,71	5,39	5,37	34,05	349,76586944	22,96	37,77	40,38	37,97	23,41	23,13	0,606165	1,46554	0,006138	0,734864
32,04	4,1	26,89	7,07	74,41	43,58	13,73	10,44	79,814983824	6,77	5,5	5,45	33,29	346,71262002	23,04	37,55	40,36	37,69	23,14	23,05	0,606931	1,46556	0,006138	0,735839
31,75	4,12	26,98	6,77	73,34	42,89	13,92	10,37	80,41409718	6,81	5,5	5,39	33	348,8068696	22,81	38	39,99	37,69	22,94	22,85	0,607322	1,46626	0,006138	0,735259
31,89	4,14	26,76	6,68	73,58	42,73	14,06	10,34	80,775924652	6,78	5,4	5,3	33,21	350,60128936	22,57	37,72	40,19	37,82	22,7	22,85	0,606835	1,46717	0,006138	0,735908
32,27	4,16	27,26	6,71	73,82	42,46	13,56	10,31	82,10243898	6,85	5,34	5,44	33,37	348,99479571	22,8	37,84	41,11	37,76	22,52	22,97	0,606835	1,4697	0,00616456	0,737661
32,21	4,15	27,42	6,76	74,06	42,54	13,81	10,31	82,478676756	6,9	5,28	5,43	32,89	351,0079979	22,93	37,8	40,69	37,59	22,6	23,02	0,606622	1,47084	0,00616456	0,739042
32,13	4,15	27,37	7,1	74,17	43,4	13,79	10,22	80,088091606	6,94	5,31	5,4	32,94	350,46791811	22,49	37,4	40,57	37,31	22,62	22,71	0,606635	1,46714	0,00616456	0,739337
31,81	4,17	27,62	7,16	75,05	44,92	13,73	10,28	79,86264741	6,98	5,26	5,44	32,75	346,14210748	22,92	37,64	40,27	37,73	22,58	22,94	0,606224	1,46415	0,006138	0,738799
31,8	4,19	27,54	7,15	76,54	45,6	13,82	10,25	80,239856725	6,98	5,33	5,42	32,42	348,57316221	22,81	37,74	40,86	37,63	22,87	23,14	0,605874	1,46195	0,006138	0,738049
31,69	4,15	26,79	6,98	75,24	44,83	13,74	10,19	80,491712328	6,91	5,37	5,38	32,66	357,78463604	22,66	37,9	40,56	37,63	22,79	22,85	0,605432	1,46088	0,006138	0,737062
31,57	4,16	27,17	7,06	74,35	44,24	13,67	10,24	80,17169112	6,98	5,22	5,42	32,93	356,43161752	22,72	37,69	40,45	37,3	22,86	22,68	0,604778	1,46184	0,006138	0,738749
31,44	4,19	27,24	7,03	74,31	44,32	13,87	10,29	80,19088617	6,98	5,24	5,43	32,82	354,8812188	22,71	38,16	40,42	37,28	22,57	22,66	0,603691	1,46219	0,006138	0,740184
31,25	4,14	26,96	6,97	73,82	43,83	13,95	10,25	80,563890839	6,95	5,23	5,37	32,26	357,07880455	22,37	37,97	40,23	37,26	22,83	22,13	0,603691	1,46219	0,006138	0,740935
31,24	4,09	26,82	6,87	73,65	43,95	13,61	10,2	79,811866644	6,94	5,37	5,36	32,37	351,95068395	22,22	37,67	40,48	36,97	21,88	21,98	0,60364	1,46436	0,006138	0,742465
31,21	4,12	27,4	7,02	73,92	44,7	13,61	10,25	79,31272356	6,92	5,43	5,39	31,75	348,74323515	22,38	37,85	40,44	37,34	21,94	22,2	0,6045	1,46895	0,006138	0,742465
30,99	4,13	27,61	7,06	72,93	44,64	13,59	10,22	80,245723698	7,03	5,5	5,37	31,48	346,51285704	23,29	37,93	40,69	37,74	22,13	22,67	0,605324	1,47462	0,006138	0,743526
31,08	4,13	27,53	7,09	73,01	44,67	13,99	10,3	80,465356415	6,97	5,48	5,42	32,12	347,58314329	23,4	38,3	40,69	38,01	22,86	22,81	0,605324	1,47635	0,006138	0,743923
30,55	4,1	27,42	7,12	73,48	44,85	13,92	10,33	78,88950913	6,92	5,43	5,42	32,12	336,81935553	23,7	37,56	40,44	37,95	23,01	22,85	0,605537	1,47505	0,006138	0,743547
29,71	4,05	26,86	7,24	74,67	45,82	13,55	10,22	78,07866898	6,87	5,45	5,42	32,27	335,91468213	23,21	37,25	40,3	37,25	22,74	22,49	0,605814	1,47395	0,006138	0,743059
30,65	4,08	26,98	7,32	73,99	46,53	13,67	10,26	79,265766744	6,94	5,38	5,39	32,18	326,65980224	23,71	37,38	39,77	37,68	22,66	22,49	0,606851	1,47272	0,006138	0,743744
30,9	4,01	26,83	7,24	73,46	47,11	13,99	10,14	78,059638602	6,86	5,34	5,39	32,12	321,0692255	23,23	37,03	39,35	37,51	22,66	22,15	0,607277	1,47123	0,006138	0,744077
30,82	4,02	27,15	7,3	73,71	47,18	13,76	10,21	78,833373033	6,88	5,29	5,37	31,56	322,38194576	23,79	37,27	39,83	38,08	22,86	22,19	0,605634	1,47283	0,006138	0,743638
30,6	3,97	26,57	7,23	73,65	47,14	13,93	10,14	79,564136454	6,83	5,29	5,27	32,13	317,91261418	23,58	36,96	40,02	38,4	23,01	21,88	0,605145	1,47477	0,006138	0,743099
30,62	3,94	25,9	7,34	73,66	46,95	13,45	10,12	79,396017678	6,74	5,28	5,24	32,24	319,04939817	23,61	37,15	41,23	38,09	23,29	22,03	0,605978	1,47514	0,006138	0,741303
30,31	3,83	25,53	7,19	73,54	45,41	13,22	9,87	80,196102444	6,66	5,13	5,14	32,33	324,91418624	23,12	36,56	41,11	38,43	23,38	21,78	0,607143	1,47486	0,006138	0,740056
30,29	3,83	25,57	7,1	73,82	44,6	13,08	9,99	80,556348928	6,56	5,2	5,1	32,61	314,90802447	23,21	36,41	41,21	38,16	22,94	21,44	0,607821	1,47457	0,006138	0,741117
30,27	3,83	25,45	7,12	73,42	44,81	12,97	10,15	79,191098982	6,54	5,19	5,09	32,17	334,98278605	22,76	36,36	40,27	38,1	22,94	21,86	0,60631	1,47366	0,006138	0,745483
30,62	3,85	25,76	7,13	75,47	45,04	13,33	10,37	78,11745515	6,6	5,14	5,14	31,57	338,00943632	23,25	36,82	40,19	37,99	22,74	22,1	0,605336	1,4735	0,00616456	0,748504
30,48	3,83	25,66	7,08	72,34	43,53	13,13	10,25	79,663404822	6,6	5,12	5,08	31,72	344,60419895	22,92	36,89	40,02	37,73	23,11	21,92	0,604658	1,47661	0,00616456	0,749221
30,33	3,92	25,89	7,12	72,32	43,33	13,09	10,29	80,623383924	6,47	5,2	5,11	31,36	327,4069032	22,76	36,89	40,52	38,2	23,37	22,18	0,604551	1,48156	0,00616456	0,75114
30,27	3,87	25,47	7,01	72,39	43,57	13,46	10,19	80,200331367	6,36	5,18	5,07	31,25	328,35837639	22,76	36,79	41,34	37,73	23,43	21,71	0,604096	1,48189	0,006138	0,751719
30,84	3,83	25,83	6,94	70,59	42,58	12,98	10,07	78,529587328	6,23	5,16	5,06	31,27	323,80709655	22,29	36,8	40,4	38,5	22,88	21,8	0,6025	1,47772	0,006138	0,748635
30,9	3,91	25,96	6,98	71,41	43,61	13,22	10,1	77,456397114	6,38	5,32	5,07	31,11	316,7679393	22,97	37,1	41,95	39	23,43	22,45	0,600792	1,47762	0,00603642	0,746478
31,43	3,96	25,92	7,4	70,39	42,92	13,53	10,29	78,061289688	6,4	5,45	5,12	30,96	316,09858801	23,13	37,15	42,27	39,23	23,57	22,23	0,600557	1,47956	0,00603642	0,745709
31,14	4,01	25,19	7,22	71,74	43,4	13,77	10,21	76,85666878	6,25	5,39	5,07	30,9	329,2701728	23,26	37,41	42,62	39,76	23,38	22,01	0,601125	1,4818	0,00603642	0,74509
30,72	3,99	25,47	7,12	71,41	42,63	13,44	9,95	77,75874868	6,15	5,41	4,96	30,67	338,43111513	22,37	36,92	41,66	39,61	22,7	22,02	0,601852	1,4858	0,00603642	0,746051
30,68	4,02	25,99	7,14	71,44	42,54	13,4	10,1	76,104198908	6,23	5,26	4,98	31,02	334,59347888	22,53	37,15	41,7	39,08	22,83	22,19	0,603232	1,48556	0,00603642	0,744004
30,22	4,02	25,97	7,09	70,06	41,54	13,36	10,03	75,17644827	6,2	5,36	4,98	31,68	331,75269506	22,21	37,43	41,94	38,95	22,68	22,05	0,604262	1,4847	0,00603642	0,742741
30,31	4,02	26,25	7,07	70,17	41,3	13,33	9,91	72,715305431	6,22	5,33	4,94	31,77	334,3077241	22,4	37,76	41,91	39,62	22,61	22,23	0,604693	1,48471	0,00603642	0,742741
29,48	3,94	25,86	6,75	71,76	41,52	13,29	9,71	71,797508904	5,92	5,17	4,89	31,33	334,1267743	21,72	37,55	42,12	39,58	22,16	22,14	0,605238	1,48531	0,006062	0,743578
30,2	4,02	26,15	6,91	71,79	41	12,93	10,03	72,036805806	6,19	5,12	4,98	32	335,07177375	22,59	37,79	42,45	39,75	22,12	23,98	0,604941	1,48634	0,00603642	0,743365
30,04	4,09	26,27	6,87	70,18	40,51	13,08	10,04	74,7926634	6,15	5,16	5,01	31,49	328,75139115	22,65	37,96	42,34	40,08	22,61	24,2	0,604941	1,4846	0,00603642	0,740181
30	4,09	26,02	6,84	70,64	40,25	12,95	10,01	72,976392384	6,09	5,01	5,03	32,16	316,25766644	23,05	37,95	42,62	39,7	22,89	24,52	0,605205	1,48232	0,00603642	0,737524
29,93	4,09	26,29	6,92	70,25	40,01	13,27	10,06	74,50502866	6,19	5,13	5,12	32,49	320,87396384	22,92	37,82	42,19	39,79	23,03	24,43	0,605409	1,48139	0,00603642	0,735376
30,05	4,11	26,31	6,94	69,76	39,34	13,28	10,08	72,423364252	6,26	5,25	5,14	32,89	315,9542984	22,98	37,97	42,39	39,71	22,86	23,84	0,604577	1,48132	0,00603642	0,735376
29,99	4,12	26,33	6,96	71,78	40,67	13,52	10,09	71,690359466	6,33	5,36	5,19	32,92	320,39596944	22,99	37,25	41,99	39,65	23,05	23,36	0,604037	1,48049	0,00603642	0,735376
30,35	4,13	26,15	6,95	74,63	42	13,38	10,03	74,034002778	6,3	5,32	5,18	32,7	322,07528808	22,88	37,45	41,44	39,4	23	23,38	0,603054	1,47702	0,00593686	0,734058
29,72	4,09	26,51	6,9	75,17	41,85	13,31	9,87	75,213897292	6,2	5,31	5,13	33,37	313,75942173	22,58	37,12	41,62	39,44	22,99	23,27	0,602751	1,47676	0,00593686	0,733923
29,86	4,1	26,34	6,91	72,8	41,78	13,55	9,86	73,442549475	6,21	5,16	5,16	33,41	311,06085615	22,7	37,17	41,32	39,4	22,7	22,99	0,603383	1,47775	0,00596358	0,733029
29,83	4,12	26,6	6,99	73,15	41,49	13,59	9,98	70,561320334	6,3	5,34	5,16	33,1	308,14682308	22,64	37,45	41,9	39,34	22,96	23,25	0,604259	1,47662	0,00596358	0,729031
29,91	4,16	27,38	7,12	71,68	40,75	13,65	10,06	72,900510384	6,36	5,38	5,2	33,77	305,94291488	22,7	37,4	41,87	39,58	23,02	23,29	0,603849	1,47568	0,00593686	0,726688
29,99	4,15	27,04	7,08	71,43	41,03	14,01	10,1	71,964685665	6,33	5,42	5,18	33,66	310,36703498	22,81	37,69	41,57	39,62	22,86	23,63	0,603335	1,47579	0,00596358	0,725818
30,38	4,17	27,12	7,09	70,68	40,17	14,02	10,08	70,583384316	6,42	5,51	5,1	34,42	308,67587904	22,89	37,49	42,24	39,81	22,86	23,62	0,603482	1,47668	0,00596358	0,725818
30,02	4,12	26,66	6,9	71,08	40,96	13,99	9,99	68,451528705	6,38	5,48	5,03	33,94	312,64408008	22,68	37,27	41,74	39,54	23,32	23,22	0,60366	1,47955	0,00593686	0,725628
30,12	4,12	26,76	6,83	71,25	41,23	13,82	9,99	72,776069298	6,47	5,49	5,07	33,4	314,28407414	22,88	37,03	41,95	39,7	22,78	23,2	0,603826	1,48419	0,00593686	0,725059
30,13	4,09	26,42	6,63	71,12	41,38	13,71	9,85	73,0399834	6,36	5,45	5,1	33,27	309,91332108	22,78	36,93	41,54	39,83	22,6	22,3	0,603352	1,4857	0,00593686	0,724452
29,74	4,07	26,54	6,72	71,82	41,86	13,88	9,76	73,70611556	6,33	5,29	5,19	33,37	325,30152928	22,56	36,94	41,91	39,34	22,19	22,32	0,602504	1,48637	0,00596358	0,723632
30,31	4,09	26,87	6,68	71,3	41,68	13,85	9,87	75,175434576	6,36	5,3	5,26	32,89	324,49217408	22,79	36,77	41,95	39,7	22,19	22,96	0,601821	1,48788	0,00596358	0,723328
30,41	4,13	27,38	6,64	71,91	42,18	13,82	9,76	74,099908426	6,44	5,39	5,28	32,78	317,36151421	23,05	37,11	42,27	39,98	22,35	22,78	0,601022	1,49047	0,00596358	0,723463
30,79	4,18	27,65	6,62	72,44	42,5	13,43	9,87	73,890008656	6,46	5,46	5,27	32,68	320,22663115	23,44	37,7	42,02	40,24	22,39	22,78	0,600826	1,49264	0,00596358	0,725233
30,31	4,16	27,98	6,58	70,6	41,45	13,38	9,8	73,938026469	6,41	5,5	5,25	32,14	315,138266	23,44	37,56	42,37	40,31	22,79	22,66	0,601456	1,49361	0,006062	0,727802
30,36	4,17	28,12	6,65	70,75	41,54	13,4	9,68	71,375291448	6,37	5,45	5,2	32,18	314,91722378	23,23	37,54	41,7	40,57	22,74	22,67	0,605025	1,48794	0,00616456	0,731702
30,48	4,2	27,91	6,78	71,77	42,51	13,53	9,86	71,141201752	6,37	5,27	5,35	32,55	316,98240448	23,54	37,44	42,02	40,74	22,84	22,85	0,607421	1,48306	0,00616456	0,732704
30,99	4,24	27,98	6,94	73,12	42,68	13,6	10	71,729765367	6,5	5,34	5,39	32,2	318,32164935	24,1	38,26	42,92	40,69	22,99	23,73	0,6068	1,48217	0,006138	0,730615
30,51	4,22	28,04	6,89	72,9	42,74	13,8	9,87	72,598561035	6,5	5,32	5,38	32,35	317,05353024	23,55	37,97	42,75	40,54	23,09	23,23	0,608112	1,48315	0,00616456	0,730976
30,31	4,22	28,15	7	73,31	42,85	13,58	9,97	73,39501952	6,58	5,51	5,41	32,41	324,452182	23,54	38,24	42,85	40,95	23,38	22,91	0,607968	1,4852	0,00616456	0,731572
30,34	4,2	28	7,12	72,16	41,92	13,54	9,93	73,741954666	6,57	5,59	5,41	32,34	323,8806752	23,58	38,14	42,07	41,14	23,4	22,45	0,608744	1,48327	0,00616456	0,728149
30,04	4,17	28,32	7,07	71,91	42,24	13,46	9,86	71,3727109	6,28	5,43	5,39	32,19	322,6206888	23,35	37,97	42,32	41,03	23,11	22,23	0,610248	1,47739	0,006138	0,72486
30,24	4,19	28,71	7,2	70,62	41,67	13,62	9,93	69,993427251	6,27	5,39	5,46	31,51	320,86254366	23,32	37,83	42,78	41,32	23,16	22,41	0,609394	1,47221	0,006138	0,724851
29,82	4,18	28,72	7,25	71,17	41,3	13,83	9,93	66,71813601	6,3	5,34	5,42	32,24	325,89593556	23,47	38,35	42,79	40,95	23,37	22,32	0,607871	1,4719	0,006138	0,726004
29,89	4,2	28,73	7,21	72,24	41,58	13,79	9,87	66,694408	6,3	5,42	5,41	32,86	322,85852784	23,33	37,95	42,83	40,72	23,33	22,34	0,607658	1,47554	0,006138	0,726766
29,9	4,21	28,54	7,27	73,92	42,27	13,95	9,9	68,733869043	6,27	5,34	5,34	33,03	322,63485771	23,61	38,5	43,63	41,27	23,33	22,06	0,608649	1,47749	0,00616456	0,729003
30,01	4,19	28,36	7,24	74,09	42,92	13,77	9,99	67,831109586	6,25	5,68	5,42	33,11	320,34734633	23,72	38,5	43,46	41,33	23,8	22,61	0,609328	1,47702	0,00616456	0,731203
29,95	4,19	28,3	7,22	75,03	42,9	14,1	10,28	67,288083525	6,17	5,69	5,41	33,67	329,72785122	23,7	38,55	43,21	41,23	23,75	22,72	0,609522	1,47615	0,00616456	0,734246
29,79	4,14	28,32	7,24	74,63	42,57	14,45	10,44	66,847895595	6,34	5,69	5,47	33,91	328,74790638	23,63	38,76	43,75	41,55	23,75	23,21	0,609979	1,47615	0,00626209	0,738942
29,73	4,19	28,69	7,34	76,59	43,3	14,07	10,57	64,02873796	6,38	5,8	5,49	34,05	319,58216736	23,78	38,54	43,13	41,61	23,64	23,51	0,611339	1,47785	0,00642409	0,743664
29,65	4,15	28,66	7,34	78,94	43,73	14,1	10,41	66,038156432	6,35	5,85	5,47	33,88	309,47135253	23,78	38,57	44,48	41,52	23,86	23,23	0,613456	1,47352	0,00642409	0,743439
29,59	4,15	28,57	7,48	78,63	43,47	14,07	10,41	67,405938159	6,48	5,76	5,55	33,3	307,84419116	23,88	38,79	43,9	41,68	23,95	23,28	0,614492	1,47049	0,00642409	0,741686
29,72	4,15	28,36	7,6	78,7	43,14	13,62	10,35	65,313221498	6,53	5,78	5,51	32,88	302,13597585	23,7	38,39	43,63	41,9	24,04	23,04	0,615326	1,47133	0,00642409	0,741711
29,55	4,2	28,26	7,57	78,46	43,95	13,99	10,43	65,72143871	6,6	5,8	5,58	33,03	291,94482072	23,7	38,52	42,79	41,57	23,87	22,46	0,61485	1,47205	0,00642409	0,741579
29,12	4,17	28,38	7,54	78,31	43,57	13,75	10,37	64,668143338	6,84	5,84	5,59	32,68	292,65653813	23,09	38,56	42,79	41,77	23,92	22,52	0,612405	1,47377	0,00643927	0,739013
29,14	4,12	28,59	7,41	78,41	43,46	14,12	10,44	64,039013716	6,92	5,84	5,55	32,58	289,41892895	22,84	38,22	41,95	41,4	23,75	22,16	0,609877	1,47374	0,00633791	0,733765
28,97	4,07	29,31	7,61	79,3	42,75	13,62	10,37	64,879374888	6,91	5,8	5,54	31,81	284,37163952	23,13	38,15	42,89	41,4	23,38	21,52	0,608908	1,47429	0,00633791	0,731672
28,9	4,04	29,24	7,55	78,24	42,14	14,19	10,44	66,283543269	6,84	5,88	5,5	32,02	280,76863094	23,11	37,93	43,08	41,15	23,43	20,98	0,609835	1,47339	0,00636073	0,732733
28,81	4,03	29,22	7,81	80,29	42,27	13,98	10,22	65,910523305	6,79	5,87	5,53	31,77	290,83436282	22,81	37,71	42,5	40,86	23,5	20,68	0,611206	1,47347	0,00636073	0,734078
28,66	4,03	29,15	7,65	79,95	42,25	13,95	10,09	65,796554504	6,85	5,84	5,5	31,59	291,0185055	22,5	37,27	42,75	41,39	23,34	20,64	0,610385	1,47514	0,00633791	0,733506
28,56	4,03	29,13	7,69	80,55	42,22	13,97	10,02	67,83150528	6,72	5,73	5,41	31,26	287,00229056	22,74	37,31	41,95	41,48	22,92	20,62	0,608122	1,4784	0,00633791	0,733346
28,19	4,06	29,08	7,77	79,55	42,06	14,14	9,99	69,857515908	6,77	5,7	5,46	31,7	285,68597358	22,67	37,36	41,33	41,32	22,97	21	0,607263	1,47996	0,00633791	0,733638
28,04	4,08	29,58	7,63	78,97	42,62	14,2	9,85	71,039507048	6,83	5,67	5,47	31,61	266,31646032	22,2	37,03	42,16	41,19	23,29	20,78	0,607361	1,48094	0,00633791	0,734504
28,15	4,23	30,01	7,82	79,18	42,09	13,99	9,86	71,81792184	6,82	5,75	5,57	31,49	261,01838601	22,54	36,95	42,66	41,19	23,2	20,71	0,607337	1,48008	0,00633791	0,734787
28,02	4,35	29,69	7,79	79,24	42,31	13,92	10,03	70,654672389	6,94	5,69	5,62	31,65	247,78611	22,37	37,05	41,78	41,29	23,21	20,83	0,607885	1,47949	0,00636073	0,733095
28,13	4,3	29,87	7,73	78,53	41,38	13,98	10,18	70,160303532	6,96	5,74	5,63	32,19	240,58982376	22,6	37,07	42,03	41,08	23,48	20,89	0,610062	1,47572	0,00636073	0,728442
28,34	4,29	30,12	7,81	77,15	40,89	13,9	10,22	70,123769604	6,86	5,75	5,65	31,5	228,26801344	22,53	37,24	42,78	39,74	23,87	20,78	0,611226	1,47231	0,00636073	0,725674
28,55	4,31	29,93	7,83	77	40,66	13,79	10,37	69,26935158	6,9	5,98	5,62	31,82	224,4474496	22,68	37,06	42,5	40,16	23,61	20,75	0,610532	1,47015	0,00636073	0,724585
28,52	4,26	29,49	7,79	77,52	41,11	13,77	10,16	68,244471279	6,94	6,07	5,62	31,86	225,1318524	22,49	37,15	42,3	39,9	23,32	19,91	0,608815	1,46697	0,00633791	0,72241
28,26	4,23	29,54	7,89	77,33	41,38	13,97	9,93	65,585047584	6,98	5,93	5,63	31,3	227,66465526	22,19	36,82	41,85	39,58	22,97	19,56	0,607546	1,46202	0,00633791	0,720321
28,22	4,23	29,5	7,97	78,67	42,86	13,8	9,75	63,63569072	7,03	5,98	5,66	31,24	243,497228	22,3	36,78	41,78	40,3	22,6	19,33	0,606416	1,45165	0,00623544	0,720406
28,05	4,28	29,66	8,13	77,73	43,52	14,04	9,78	65,477964666	7,02	5,86	5,7	31,4	244,624271	22,03	36,47	41,95	39,95	22,26	19,39	0,606644	1,44454	0,00626209	0,720925
27,97	4,3	29,9	8,2	78,41	43,89	13,86	9,61	64,230522108	6,97	5,84	5,67	31,41	234,71545909	21,71	36,32	41,87	39,6	21,9	19,33	0,607226	1,44003	0,00626209	0,720937
27,77	4,29	29,71	8,31	77,54	44,56	13,53	9,23	62,51419104	6,72	5,67	5,63	30,8	229,76631503	21,05	36,14	41,87	39,58	21,75	18,46	0,606173	1,43724	0,00623544	0,717773
27,56	4,33	30,29	8,3	78,63	44,87	13,35	9,11	61,27901459	6,6	5,78	5,57	29,88	215,20370144	20,84	36,32	41,36	39,99	21,29	18,69	0,605814	1,4327	0,00623544	0,714298
27,88	4,33	29,94	8,19	77,77	45,23	13,55	9,16	62,370786044	6,43	5,68	5,47	30,93	210,20534646	21,51	37,6	41,95	40,28	21,7	20,05	0,605509	1,43254	0,006138	0,711042
27,93	4,43	29,87	8,03	76	45,91	13,62	9,15	61,856233976	6,4	5,64	5,44	30,99	205,2680618	21,31	37,89	42,7	40,28	21,96	20,04	0,605509	1,43476	0,00616456	0,70946
28,04	4,48	29,87	8,03	75,86	45,78	13,35	9,24	61,912901932	6,5	5,88	5,54	30,99	211,7454316	21,62	37,88	42,2	40,48	22,08	20,23	0,605622	1,43183	0,00616456	0,70946
28,02	4,48	29,68	8,08	76,94	45,38	13,55	9,11	61,739940332	6,31	5,86	5,59	30,97	204,70188552	21,27	37,68	42,29	40,95	21,97	19,47	0,60565	1,42783	0,006138	0,708213
28,06	4,51	30,04	8,17	76,42	45,01	13,32	9,04	62,232210352	6,4	5,81	5,61	31,25	201,89408998	20,88	37,88	42,97	41,1	21,91	18,66	0,604494	1,42796	0,006138	0,707234
27,41	4,61	30,26	8,1	77,09	45,17	13,18	8,87	61,758368374	6,24	5,69	5,43	31,58	213,80324077	20,82	38,19	41,97	41,03	22,05	18,17	0,602879	1,43249	0,006138	0,703277
27,44	4,62	30,45	8,16	76,35	44,44	13,18	8,81	63,039873928	6,26	5,66	5,5	30,69	213,26787916	20,6	37,78	42,79	40,78	21,71	17,93	0,60194	1,43249	0,006138	0,701516
27,31	4,6	30,62	7,93	76,88	45,69	13,18	8,47	61,066871096	6,18	5,48	5,46	30,69	220,57197968	20,15	37,43	41,83	40,63	21,25	18,02	0,601391	1,43704	0,006138	0,703534
