 IBDRY ENLAY HSEA DEO TSCDF WFC PEP NVS GBPEUR USDEUR CHFEUR 
0.111701 0.112742 0.111578 0.111390 0.112358 
0.135294 0.098703 0.110545 0.122943 0.103426 
0.138587 0.112021 0.106155 0.112148 0.098333 
0.139337 0.099085 0.128768 0.086019 0.119196 
0.142718 0.107216 0.091169 0.100019 0.130495 
0.147706 0.094195 0.097858 0.119205 0.130316 
0.139253 0.074437 0.096559 0.143926 0.138419 
0.122840 0.072204 0.104933 0.144430 0.137007 
0.155716 0.066609 0.080096 0.141259 0.155540 
0.145838 0.072093 0.074263 0.165025 0.139426 
0.143219 0.079960 0.075777 0.175177 0.118965 
0.121769 0.097272 0.084639 0.168625 0.118794 
0.136209 0.088710 0.077462 0.147870 0.140015 
0.151707 0.072156 0.077814 0.136408 0.155059 
0.136575 0.065437 0.063117 0.158906 0.184501 
0.145389 0.056596 0.059061 0.165622 0.189020 
0.140643 0.067543 0.077152 0.117049 0.187997 
0.154700 0.070973 0.079147 0.090633 0.193043 
0.166912 0.066348 0.082710 0.073573 0.203709 
0.190418 0.052395 0.094320 0.083964 0.178347 
0.209125 0.041557 0.074785 0.090152 0.204526 
0.201371 0.053206 0.060628 0.109834 0.183480 
0.223126 0.048157 0.064985 0.110880 0.173419 
0.264621 0.040375 0.062322 0.114484 0.168611 
0.259141 0.052228 0.039577 0.101747 0.161933 
0.145656 0.042507 0.037636 0.054593 0.069856 
0.146309 0.042616 0.037284 0.053447 0.070031 
0.155515 0.043126 0.034727 0.060026 0.081839 
0.156480 0.050098 0.044449 0.064018 0.081740 
0.168432 0.059604 0.044929 0.065108 0.086728 
0.169940 0.055137 0.043871 0.065349 0.092215 
0.170191 0.056771 0.023926 0.065902 0.087625 
0.172887 0.048463 0.025755 0.074028 0.086833 
0.177897 0.048001 0.027482 0.080952 0.091849 
0.172617 0.050810 0.020119 0.074157 0.088455 
0.168851 0.057822 0.020251 0.067465 0.080901 
0.167528 0.054002 0.035774 0.068556 0.080575 
0.161734 0.052311 0.038216 0.064580 0.069529 
0.153828 0.053103 0.033871 0.062176 0.065079 
0.154010 0.050477 0.033101 0.061695 0.067205 
0.154994 0.054914 0.030440 0.060522 0.065198 
0.150003 0.049844 0.038275 0.056166 0.056445 
0.150125 0.051607 0.039285 0.055575 0.049089 
0.158550 0.059645 0.050581 0.065295 0.042568 
0.156957 0.060021 0.050607 0.065191 0.027539 
0.151870 0.066949 0.042903 0.072036 0.025331 
0.155662 0.065464 0.036891 0.072415 0.029552 
0.157977 0.067263 0.028171 0.077864 0.034103 
0.177059 0.085237 0.042851 0.087962 0.046458 
0.179768 0.086250 0.045094 0.091112 0.057293 
0.183901 0.089288 0.010484 0.089933 0.012711 
0.183884 0.091296 0.010328 0.089290 0.012536 
0.184772 0.089621 0.010107 0.089933 0.012543 
0.203586 0.106247 0.016738 0.102970 0.014712 
0.212795 0.109174 0.017642 0.119645 0.018275 
0.207896 0.101626 0.014183 0.116444 0.017006 
0.213722 0.110283 0.017052 0.128181 0.016583 
0.213923 0.099953 0.014307 0.119790 0.014069 
0.222400 0.098433 0.014738 0.127220 0.013736 
0.206452 0.090564 0.011405 0.112877 0.010839 
0.200631 0.084676 0.010434 0.107257 0.009626 
0.205007 0.097932 0.008976 0.111046 0.012236 
0.201382 0.086752 0.010298 0.102263 0.009618 
0.192661 0.083710 0.007355 0.098088 0.010857 
0.211419 0.089308 0.006911 0.108455 0.014098 
0.221535 0.078154 0.006733 0.113979 0.018932 
0.216922 0.083854 0.007242 0.104987 0.017244 
0.232051 0.075622 0.006584 0.122132 0.021799 
0.234601 0.073062 0.004010 0.117829 0.021518 
0.244158 0.077999 0.004046 0.122289 0.023984 
0.240077 0.082924 0.004428 0.129384 0.024225 
0.237010 0.085345 0.002933 0.143173 0.026819 
0.281045 0.083852 0.005351 0.159631 0.025815 
0.301766 0.083731 0.006408 0.144370 0.023431 
0.309579 0.099005 0.005103 0.139007 0.008717 
0.231882 0.034554 0.004456 0.136875 0.004941 
0.231676 0.035220 0.004160 0.138067 0.004742 
0.231819 0.035019 0.004460 0.136965 0.005003 
0.232739 0.034698 0.004221 0.136973 0.004837 
0.214573 0.029183 0.002278 0.117746 0.003344 
0.221008 0.031916 0.002453 0.121783 0.003614 
0.215572 0.028948 0.002216 0.113528 0.003262 
0.222883 0.029075 0.002934 0.119733 0.003474 
0.225364 0.031768 0.003243 0.129153 0.003608 
0.227657 0.030398 0.003491 0.120378 0.003130 
0.229613 0.029011 0.003857 0.122165 0.003054 
0.232756 0.029356 0.004006 0.120785 0.002872 
0.232327 0.028280 0.004089 0.119221 0.003180 
0.242723 0.032875 0.004615 0.125097 0.004384 
0.242680 0.033510 0.004222 0.107855 0.003618 
0.238220 0.031537 0.003412 0.092547 0.003322 
0.231879 0.028099 0.002645 0.080522 0.002717 
0.238312 0.028709 0.002890 0.074065 0.002884 
0.238242 0.028336 0.002834 0.071255 0.002659 
0.241031 0.029704 0.002730 0.071185 0.002898 
0.243607 0.031395 0.003257 0.079987 0.003211 
0.244153 0.029767 0.002343 0.070900 0.002253 
0.242374 0.026974 0.002021 0.066466 0.002668 
0.243020 0.028887 0.002568 0.061608 0.001989 
0.254707 0.023388 0.001687 0.064183 0.001421 
0.205670 0.019710 0.001423 0.067564 0.001095 
0.205788 0.020130 0.001469 0.066346 0.000955 
0.207339 0.020130 0.001422 0.067507 0.001078 
0.204615 0.019563 0.001387 0.067109 0.000930 
0.205878 0.019139 0.001388 0.067740 0.000962 
0.206413 0.019316 0.001394 0.067834 0.000892 
0.210542 0.021112 0.001055 0.079323 0.001214 
0.214104 0.021721 0.001200 0.075523 0.001489 
0.212334 0.019812 0.001255 0.076351 0.001669 
0.203134 0.016522 0.000997 0.083715 0.001654 
0.212123 0.019163 0.001314 0.089111 0.001547 
0.206603 0.016846 0.000874 0.075779 0.001202 
0.207124 0.015750 0.000849 0.072378 0.001058 
0.220287 0.020054 0.001227 0.077879 0.001379 
0.214025 0.018694 0.001100 0.090659 0.001307 
0.204947 0.015313 0.000797 0.075925 0.001028 
0.195897 0.013868 0.000611 0.075770 0.000700 
0.203170 0.013891 0.000715 0.068957 0.000646 
0.209627 0.015988 0.000872 0.082952 0.000990 
0.202393 0.015281 0.000867 0.084940 0.001018 
0.186694 0.012435 0.000628 0.077295 0.000615 
0.186207 0.012572 0.000683 0.082860 0.000478 
0.192513 0.013827 0.000809 0.081663 0.000574 
0.191613 0.012587 0.000771 0.073045 0.000624 
0.176821 0.010529 0.000465 0.072091 0.000541 
0.178150 0.010184 0.000555 0.068257 0.000537 
0.178295 0.010713 0.000507 0.067954 0.000527 
0.178402 0.010460 0.000523 0.069809 0.000490 
0.177457 0.010461 0.000510 0.068587 0.000607 
0.179131 0.010587 0.000570 0.068364 0.000619 
0.179520 0.010147 0.000560 0.068477 0.000538 
0.178034 0.010556 0.000545 0.068908 0.000604 
0.105700 0.006326 0.000346 0.077144 0.000205 
0.105763 0.006046 0.000407 0.078990 0.000241 
0.099503 0.006424 0.000299 0.081026 0.000210 
0.116642 0.006951 0.000348 0.080190 0.000264 
0.126007 0.007807 0.000536 0.081727 0.000347 
0.144856 0.008092 0.000664 0.076151 0.000523 
0.135743 0.007951 0.000692 0.077340 0.000413 
0.146058 0.007148 0.000545 0.068980 0.000476 
0.168357 0.008121 0.000908 0.081372 0.000758 
0.134423 0.006851 0.000709 0.089163 0.000750 
0.167372 0.009122 0.000735 0.092516 0.000928 
0.142547 0.011923 0.000829 0.092086 0.000607 
0.164776 0.011807 0.000795 0.082491 0.000707 
0.216762 0.013533 0.001536 0.081411 0.001092 
0.229117 0.020214 0.001361 0.084935 0.002606 
0.203090 0.019807 0.001177 0.091064 0.002261 
0.210523 0.017798 0.001752 0.088537 0.002028 
0.191660 0.012172 0.001146 0.083555 0.001259 
0.192646 0.011413 0.000074 0.070262 0.000111 
0.192671 0.011188 0.000094 0.071054 0.000107 
0.191545 0.011485 0.000088 0.070415 0.000119 
0.192366 0.011677 0.000088 0.069773 0.000104 
0.191596 0.011436 0.000102 0.069904 0.000119 
0.191856 0.011932 0.000077 0.071016 0.000110 
0.192356 0.011611 0.000066 0.071378 0.000120 
0.192366 0.011682 0.000089 0.070843 0.000111 
0.221315 0.012947 0.000109 0.053484 0.000189 
0.204334 0.010422 0.000064 0.051399 0.000136 
0.227717 0.012899 0.000089 0.046221 0.000216 
0.242192 0.013907 0.000120 0.056517 0.000266 
0.241375 0.014562 0.000113 0.048243 0.000175 
0.256656 0.018589 0.000157 0.034059 0.000299 
0.247864 0.017996 0.000120 0.039912 0.000207 
0.250876 0.019701 0.000166 0.033477 0.000211 
0.261694 0.021389 0.000218 0.028788 0.000198 
0.301681 0.021381 0.000142 0.024562 0.000202 
0.299286 0.024424 0.000207 0.023026 0.000262 
0.323860 0.020530 0.000191 0.030050 0.000295 
0.326605 0.021287 0.000266 0.036352 0.000351 
0.324866 0.018168 0.000175 0.028077 0.000161 
0.319837 0.014465 0.000081 0.024383 0.000103 
0.295543 0.012696 0.000084 0.016530 0.000077 
0.220976 0.010368 0.000047 0.013002 0.000093 
0.197632 0.001352 0.000059 0.012722 0.000015 
0.196433 0.001138 0.000065 0.012397 0.000040 
0.197418 0.001255 0.000073 0.012071 0.000028 
0.197031 0.001187 0.000062 0.012908 0.000030 
0.196789 0.001147 0.000053 0.012613 0.000031 
0.197311 0.001178 0.000063 0.012665 0.000034 
0.196400 0.001281 0.000049 0.012315 0.000026 
0.195195 0.001293 0.000050 0.012889 0.000021 
0.198078 0.001235 0.000064 0.012423 0.000035 
0.197306 0.001215 0.000050 0.012372 0.000028 
0.261080 0.002481 0.000066 0.012549 0.000051 
0.267449 0.002459 0.000079 0.009600 0.000061 
0.271050 0.002459 0.000090 0.009426 0.000059 
0.285452 0.003634 0.000148 0.009343 0.000109 
0.296064 0.004352 0.000180 0.007615 0.000121 
0.298797 0.004906 0.000254 0.010436 0.000115 
0.318439 0.003345 0.000168 0.006417 0.000012 
0.257107 0.005580 0.000302 0.003294 0.000011 
0.380094 0.008748 0.000341 0.001932 0.000016 
0.364295 0.010859 0.000431 0.003455 0.000037 
0.227666 0.007519 0.000040 0.005943 0.000000 
0.361413 0.010088 0.000037 0.003561 0.000035 
0.309723 0.013337 0.000064 0.002993 0.000063 
0.301154 0.010191 0.000034 0.003411 0.000000 
0.295550 0.012377 0.000316 0.004825 0.000022 
0.109293 0.013849 0.000003 0.003437 0.000000 
0.109946 0.013664 0.000000 0.003565 0.000000 
0.110200 0.013327 0.000002 0.003349 0.000002 
0.110643 0.013754 0.000000 0.003669 0.000002 
0.110757 0.013706 0.000000 0.003312 0.000001 
0.110434 0.013332 0.000000 0.003408 0.000001 
0.110307 0.013628 0.000001 0.003511 0.000002 
0.111097 0.013672 0.000000 0.003340 0.000000 
0.110353 0.013402 0.000000 0.003541 0.000000 
0.111013 0.013515 0.000000 0.003377 0.000000 
0.110120 0.013691 0.000001 0.003194 0.000002 
0.122321 0.030017 0.000001 0.007383 0.000001 
0.130532 0.035123 0.000005 0.005710 0.000005 
0.127479 0.047392 0.000014 0.002627 0.000004 
0.118220 0.056254 0.000006 0.002621 0.000006 
0.141522 0.061319 0.000002 0.000131 0.000001 
0.135782 0.077793 0.000009 0.000165 0.000003 
0.143066 0.056567 0.000001 0.000166 0.000002 
0.144560 0.046298 0.000001 0.000154 0.000001 
0.132861 0.053548 0.000003 0.000237 0.000002 
0.150710 0.023428 0.000000 0.000122 0.000000 
0.150946 0.023693 0.000001 0.000066 0.000001 
0.157476 0.025195 0.000000 0.000072 0.000000 
0.145975 0.042398 0.000000 0.000057 0.000001 
0.145782 0.045125 0.000003 0.000103 0.000003 
0.122772 0.045103 0.000000 0.000121 0.000002 
0.122276 0.045089 0.000000 0.000102 0.000000 
0.123109 0.045037 0.000000 0.000144 0.000000 
0.122460 0.045151 0.000000 0.000093 0.000001 
0.123573 0.045150 0.000000 0.000116 0.000000 
0.122684 0.045086 0.000000 0.000135 0.000001 
0.122580 0.045259 0.000000 0.000110 0.000001 
0.122569 0.045118 0.000000 0.000100 0.000001 
0.122992 0.045572 0.000001 0.000144 0.000000 
0.123009 0.045359 0.000000 0.000107 0.000001 
0.122908 0.045135 0.000002 0.000149 0.000000 
0.123098 0.045241 0.000000 0.000130 0.000001 
0.282126 0.025342 0.000000 0.000000 0.000000 
0.280744 0.013642 0.000000 0.000000 0.000000 
0.320148 0.000000 0.000000 0.000000 0.000000 
0.328660 0.000000 0.000000 0.000000 0.000000 
0.371271 0.000000 0.000000 0.000000 0.000000 
0.399361 0.000000 0.000000 0.000000 0.000000 
0.374964 0.000000 0.000000 0.000000 0.000000 
0.303649 0.000000 0.000000 0.000000 0.000000 
0.376566 0.000000 0.000000 0.000000 0.000000 
0.399680 0.000000 0.000000 0.000000 0.000000 
0.398661 0.000000 0.000000 0.000000 0.000000 
0.376774 0.000000 0.000000 0.000000 0.000000 
0.208470 0.000000 0.000000 0.000000 0.000000 
