 IBDRY ENLAY HSEA DEO TSCDF WFC PEP NVS GBPEUR USDEUR CHFEUR 
0.123999 0.124560 0.123048 0.124449 0.123805 
0.138807 0.139454 0.128684 0.137688 0.083931 
0.121202 0.140247 0.113702 0.159550 0.092368 
0.109026 0.131601 0.132036 0.169451 0.084580 
0.096191 0.136553 0.127900 0.200053 0.066133 
0.093298 0.143214 0.127912 0.194168 0.069019 
0.100673 0.124589 0.141578 0.170118 0.071227 
0.091974 0.132170 0.135522 0.187170 0.070364 
0.091570 0.131484 0.127552 0.179209 0.078200 
0.077261 0.136752 0.119413 0.197279 0.081446 
0.090816 0.130584 0.106919 0.211269 0.070789 
0.108373 0.121755 0.111288 0.213568 0.057428 
0.116782 0.123853 0.103912 0.225486 0.063485 
0.117899 0.124380 0.108612 0.220916 0.068533 
0.113098 0.154672 0.086111 0.239268 0.057078 
0.096735 0.153154 0.093254 0.253169 0.065501 
0.098737 0.150145 0.098193 0.252222 0.065791 
0.098355 0.154863 0.100522 0.245500 0.065548 
0.103669 0.148039 0.092910 0.277712 0.061000 
0.120848 0.138121 0.090565 0.274128 0.059284 
0.119848 0.120175 0.101640 0.277204 0.043997 
0.139112 0.117878 0.107462 0.273941 0.037269 
0.140439 0.116987 0.109690 0.247387 0.035229 
0.166442 0.101469 0.101083 0.261319 0.028986 
0.160018 0.101530 0.104161 0.262359 0.030694 
0.126024 0.050654 0.060846 0.160740 0.027405 
0.126273 0.051068 0.060947 0.161228 0.027607 
0.133443 0.047158 0.059133 0.164720 0.034755 
0.128920 0.052217 0.062460 0.170478 0.041917 
0.128629 0.053785 0.066629 0.170084 0.039934 
0.129893 0.052824 0.066286 0.168655 0.041536 
0.133197 0.061454 0.063672 0.177431 0.042825 
0.122675 0.062153 0.056188 0.172676 0.045086 
0.120860 0.059642 0.055768 0.174092 0.049011 
0.118904 0.061446 0.052617 0.179591 0.044990 
0.124259 0.068717 0.051465 0.179193 0.052424 
0.117033 0.059507 0.047818 0.177763 0.046708 
0.108520 0.057495 0.044895 0.175023 0.046983 
0.112701 0.063375 0.041707 0.176582 0.042949 
0.105693 0.064808 0.044619 0.183583 0.040258 
0.100948 0.065796 0.040509 0.184770 0.045670 
0.087508 0.076424 0.045550 0.192508 0.056356 
0.106575 0.060480 0.043562 0.188390 0.043819 
0.102671 0.058417 0.038786 0.186224 0.046203 
0.106645 0.052030 0.039071 0.178505 0.041078 
0.107608 0.052432 0.034020 0.177966 0.041591 
0.101603 0.051219 0.034750 0.172011 0.037025 
0.095753 0.049225 0.034084 0.161450 0.034067 
0.105091 0.043395 0.028016 0.147722 0.029221 
0.098886 0.036500 0.025560 0.129819 0.025509 
0.072108 0.039211 0.017174 0.136057 0.026731 
0.072335 0.039674 0.017547 0.136118 0.026985 
0.072632 0.040178 0.017466 0.136580 0.027276 
0.072626 0.041068 0.017078 0.140764 0.026540 
0.072399 0.041750 0.021636 0.145092 0.026470 
0.065017 0.046135 0.023894 0.149678 0.031082 
0.072997 0.040091 0.020625 0.140626 0.026074 
0.084648 0.042638 0.022241 0.147242 0.024306 
0.080852 0.048324 0.019679 0.151325 0.025315 
0.084576 0.045359 0.018285 0.147745 0.021717 
0.085159 0.040799 0.016488 0.143578 0.021223 
0.085125 0.042134 0.014091 0.142767 0.024164 
0.084565 0.034240 0.009694 0.125342 0.017332 
0.082036 0.031758 0.009194 0.125450 0.015185 
0.071471 0.024351 0.006996 0.107254 0.011264 
0.063056 0.019857 0.005338 0.091936 0.007859 
0.061832 0.018659 0.005105 0.093892 0.007943 
0.068788 0.022665 0.006354 0.109112 0.010438 
0.074390 0.024442 0.007693 0.115413 0.013847 
0.084625 0.032754 0.010284 0.130591 0.017973 
0.082580 0.028298 0.010508 0.124079 0.019646 
0.082850 0.026379 0.010969 0.120831 0.018616 
0.070810 0.019926 0.008026 0.101330 0.014922 
0.068237 0.019277 0.006726 0.096211 0.012833 
0.063591 0.017292 0.006105 0.092373 0.010678 
0.064552 0.017865 0.005698 0.092561 0.010808 
0.065023 0.018242 0.006056 0.093743 0.010999 
0.064873 0.018009 0.005934 0.094042 0.010956 
0.065101 0.017795 0.005966 0.093054 0.011134 
0.072204 0.023016 0.009423 0.099004 0.011751 
0.068916 0.020777 0.007149 0.094616 0.010760 
0.069449 0.020650 0.006872 0.087811 0.009141 
0.066919 0.018686 0.006381 0.090160 0.008420 
0.063314 0.016976 0.006058 0.089478 0.008097 
0.060786 0.016147 0.004582 0.085926 0.007818 
0.058579 0.014271 0.003934 0.081727 0.007778 
0.066169 0.016703 0.004918 0.087991 0.010721 
0.072232 0.018554 0.006405 0.089032 0.013164 
0.066892 0.015411 0.005744 0.078072 0.010977 
0.066009 0.014268 0.005154 0.073067 0.010918 
0.068920 0.015183 0.006213 0.081487 0.012148 
0.064250 0.013719 0.005805 0.076553 0.008997 
0.066148 0.014920 0.005112 0.078449 0.010251 
0.058102 0.011501 0.004400 0.071045 0.007508 
0.055364 0.010342 0.003628 0.060528 0.006639 
0.057192 0.010280 0.003673 0.063172 0.006991 
0.059315 0.010642 0.004136 0.066415 0.008027 
0.056245 0.008722 0.003641 0.058060 0.006914 
0.061050 0.010768 0.003959 0.057978 0.009206 
0.065070 0.012429 0.004154 0.074282 0.011570 
0.065158 0.011521 0.003832 0.079745 0.012907 
0.065689 0.011883 0.003748 0.080207 0.012957 
0.065353 0.011781 0.003819 0.079960 0.013026 
0.065153 0.011718 0.003714 0.079454 0.012667 
0.065310 0.011696 0.003597 0.079502 0.012643 
0.065274 0.011711 0.003677 0.079450 0.012607 
0.083077 0.023964 0.007324 0.102931 0.021066 
0.084524 0.021211 0.006220 0.091561 0.019315 
0.087084 0.021942 0.005298 0.090384 0.019672 
0.085449 0.026142 0.006352 0.093522 0.018412 
0.087015 0.025156 0.005860 0.097385 0.016535 
0.085082 0.026683 0.006081 0.092716 0.013798 
0.090878 0.029515 0.006018 0.103342 0.018400 
0.101263 0.035660 0.005974 0.121578 0.019802 
0.103189 0.036490 0.005088 0.128066 0.020966 
0.093918 0.041095 0.005848 0.127503 0.023013 
0.088124 0.037408 0.004786 0.120640 0.021693 
0.083297 0.036981 0.005121 0.119436 0.018070 
0.077743 0.051396 0.007066 0.142222 0.024286 
0.073054 0.047794 0.004227 0.132107 0.020005 
0.081700 0.045437 0.003807 0.132153 0.019541 
0.088350 0.039508 0.003094 0.116289 0.014516 
0.076805 0.036271 0.003363 0.105303 0.012959 
0.085783 0.029255 0.002679 0.090068 0.011837 
0.097384 0.029915 0.003053 0.091485 0.011831 
0.074367 0.022678 0.002733 0.076913 0.008533 
0.074077 0.022862 0.002729 0.077916 0.008586 
0.073781 0.022485 0.002590 0.077172 0.008523 
0.073685 0.022613 0.002644 0.076476 0.008661 
0.074151 0.022993 0.002659 0.077010 0.008559 
0.074141 0.022558 0.002618 0.077420 0.008632 
0.074204 0.022948 0.002496 0.077583 0.008455 
0.074522 0.020515 0.003617 0.073519 0.011518 
0.072588 0.021840 0.003245 0.065485 0.008881 
0.071423 0.018250 0.002623 0.067037 0.007553 
0.069776 0.015478 0.003048 0.068825 0.007895 
0.071491 0.016317 0.003099 0.062474 0.007603 
0.077525 0.020274 0.004833 0.076521 0.009534 
0.081960 0.022908 0.006082 0.091634 0.009758 
0.086167 0.025550 0.006796 0.107349 0.010850 
0.093835 0.029437 0.007523 0.118552 0.011177 
0.096746 0.030065 0.009656 0.110741 0.011327 
0.100286 0.030279 0.008484 0.116184 0.011130 
0.118522 0.038605 0.011468 0.142040 0.014012 
0.124859 0.036937 0.011451 0.153843 0.016052 
0.127379 0.035968 0.011623 0.167263 0.017403 
0.126588 0.044120 0.012876 0.188258 0.018006 
0.134957 0.040252 0.012370 0.183320 0.018490 
0.132109 0.039123 0.010412 0.185773 0.018916 
0.132977 0.035995 0.010042 0.170917 0.018619 
0.111544 0.029979 0.009585 0.160909 0.017451 
0.110616 0.029878 0.009390 0.160132 0.017516 
0.110711 0.029966 0.009719 0.160216 0.017360 
0.111607 0.029975 0.009437 0.160882 0.017523 
0.111255 0.030112 0.009701 0.161225 0.017418 
0.111248 0.029690 0.009521 0.161011 0.017239 
0.111155 0.030084 0.009526 0.160316 0.017291 
0.111323 0.030462 0.009739 0.161140 0.016984 
0.099835 0.086808 0.008611 0.206346 0.036344 
0.086341 0.097524 0.010416 0.222136 0.036770 
0.080941 0.086279 0.007798 0.215702 0.032337 
0.073913 0.096043 0.007876 0.222270 0.035544 
0.077903 0.083923 0.005094 0.214760 0.031690 
0.066437 0.087146 0.004835 0.218961 0.037259 
0.065205 0.091214 0.005355 0.220887 0.034884 
0.066717 0.089641 0.004156 0.218288 0.035317 
0.074790 0.079664 0.004055 0.215722 0.031404 
0.091673 0.085882 0.002745 0.228587 0.034519 
0.083150 0.088021 0.002269 0.240549 0.032256 
0.092713 0.074209 0.001258 0.240090 0.021543 
0.089175 0.071765 0.001130 0.239864 0.018808 
0.095737 0.074375 0.001049 0.240008 0.019972 
0.109297 0.067100 0.001284 0.230179 0.020396 
0.114992 0.071371 0.002099 0.226939 0.021061 
0.117748 0.090095 0.003324 0.223552 0.025413 
0.063975 0.086300 0.000424 0.136442 0.025821 
0.063321 0.086194 0.000419 0.137297 0.025799 
0.063103 0.085977 0.000467 0.136688 0.025862 
0.064458 0.086311 0.000455 0.136678 0.025658 
0.063751 0.086879 0.000441 0.136531 0.026186 
0.063708 0.086454 0.000416 0.136929 0.025801 
0.063125 0.086204 0.000431 0.136943 0.026036 
0.063646 0.085637 0.000459 0.136177 0.025684 
0.063938 0.086293 0.000455 0.136695 0.025848 
0.063380 0.086242 0.000457 0.136963 0.025460 
0.142934 0.122874 0.001208 0.154081 0.031136 
0.117760 0.120446 0.000792 0.116655 0.030739 
0.114158 0.120334 0.001037 0.113436 0.026972 
0.146758 0.147491 0.001272 0.124230 0.023902 
0.132988 0.148039 0.001090 0.117817 0.021678 
0.125204 0.137919 0.001313 0.139279 0.020119 
0.130902 0.129539 0.001171 0.129228 0.015646 
0.132487 0.124077 0.001078 0.135341 0.011608 
0.135704 0.140709 0.001059 0.123343 0.007654 
0.145668 0.145553 0.001656 0.144182 0.014662 
0.129530 0.144589 0.001530 0.118148 0.009445 
0.125488 0.167040 0.001121 0.118380 0.008092 
0.131093 0.166295 0.001775 0.118552 0.009327 
0.140193 0.171666 0.002002 0.116493 0.001770 
0.129036 0.153457 0.001599 0.131451 0.001623 
0.118204 0.138118 0.001662 0.137602 0.001684 
0.118781 0.139243 0.001670 0.137063 0.001721 
0.118789 0.139225 0.001657 0.136742 0.001695 
0.118529 0.138773 0.001663 0.137075 0.001669 
0.119117 0.139256 0.001614 0.136514 0.001685 
0.119851 0.139680 0.001731 0.137145 0.001598 
0.119459 0.139424 0.001582 0.137905 0.001735 
0.117950 0.139130 0.001586 0.136791 0.001635 
0.119463 0.139504 0.001552 0.137644 0.001742 
0.117796 0.138985 0.001647 0.136616 0.001624 
0.119444 0.140082 0.001716 0.137277 0.001686 
0.047387 0.129131 0.000614 0.065221 0.000379 
0.073368 0.162017 0.000986 0.069337 0.000486 
0.075533 0.180084 0.001521 0.065839 0.000846 
0.072285 0.204589 0.002082 0.063392 0.000899 
0.046345 0.192255 0.001002 0.088938 0.000456 
0.032672 0.169671 0.000496 0.072661 0.000332 
0.041051 0.187005 0.001252 0.089450 0.000829 
0.023461 0.178246 0.000861 0.077416 0.000572 
0.016631 0.135431 0.000474 0.090711 0.000213 
0.008859 0.135633 0.000517 0.093603 0.000236 
0.004572 0.130388 0.000383 0.078399 0.000179 
0.007611 0.143491 0.000564 0.084798 0.000347 
0.008208 0.179252 0.000833 0.071187 0.000743 
0.008947 0.184131 0.000828 0.062096 0.000591 
0.011009 0.203328 0.002103 0.078719 0.001634 
0.010978 0.204507 0.002019 0.078729 0.001643 
0.011125 0.204024 0.002017 0.078628 0.001622 
0.011308 0.203641 0.001986 0.078982 0.001628 
0.011312 0.204166 0.002024 0.078826 0.001622 
0.011048 0.203840 0.002019 0.078958 0.001561 
0.011131 0.203866 0.002108 0.079243 0.001651 
0.011057 0.203853 0.001921 0.079154 0.001558 
0.011079 0.204127 0.001980 0.079119 0.001621 
0.010988 0.204202 0.001954 0.079455 0.001554 
0.011212 0.204205 0.002058 0.079217 0.001662 
0.011195 0.204403 0.002010 0.078571 0.001572 
0.000727 0.181021 0.000233 0.114005 0.000165 
0.000551 0.216881 0.000495 0.108296 0.000276 
0.000000 0.258813 0.000000 0.137740 0.000000 
0.000000 0.275415 0.000000 0.103261 0.000000 
0.000000 0.260123 0.000000 0.124625 0.000000 
0.000000 0.231791 0.000000 0.120573 0.000000 
0.000000 0.195345 0.000000 0.152447 0.000000 
0.000000 0.251774 0.000000 0.112814 0.000000 
0.000000 0.264439 0.000000 0.137187 0.000000 
0.000000 0.270812 0.000000 0.131303 0.000000 
0.000000 0.286209 0.000000 0.117125 0.000000 
0.000000 0.308196 0.000000 0.097207 0.000000 
0.000000 0.259719 0.000000 0.141935 0.000000 
