IBDRY ENLAY HSEA DEO TSCDF WFC PEP NVS GBPEUR USDEUR CHFEUR 
0.103575 0.103889 0.103927 0.103100 0.102850 
0.118168 0.111034 0.086754 0.086195 0.117317 
0.124616 0.125548 0.085588 0.081024 0.119197 
0.120752 0.135806 0.078316 0.086935 0.101547 
0.141479 0.129659 0.066877 0.076109 0.106512 
0.143866 0.142688 0.075803 0.076381 0.082808 
0.131899 0.142665 0.074376 0.073490 0.084662 
0.144953 0.148292 0.067018 0.063710 0.091512 
0.134245 0.130640 0.076640 0.058762 0.101239 
0.150716 0.133292 0.067057 0.059043 0.095394 
0.166961 0.114222 0.065713 0.049857 0.116259 
0.169688 0.093655 0.067408 0.044278 0.145411 
0.142937 0.099835 0.072001 0.041026 0.160571 
0.149098 0.093614 0.076188 0.041682 0.152244 
0.119081 0.104763 0.077577 0.046219 0.155445 
0.128804 0.123333 0.078642 0.046077 0.117330 
0.130703 0.101366 0.071330 0.046607 0.143419 
0.114547 0.096569 0.095857 0.040425 0.145021 
0.112814 0.097943 0.083697 0.039643 0.169011 
0.126932 0.077094 0.104982 0.042888 0.140038 
0.151134 0.068542 0.108570 0.035215 0.148999 
0.134874 0.069858 0.127511 0.036483 0.130670 
0.167579 0.072897 0.120983 0.030393 0.123280 
0.146825 0.073544 0.098741 0.038721 0.131906 
0.126115 0.076984 0.105940 0.035808 0.133403 
0.061173 0.053702 0.061712 0.028102 0.057876 
0.060656 0.054202 0.062485 0.027748 0.058059 
0.056591 0.048146 0.056945 0.016769 0.053186 
0.055967 0.047887 0.053583 0.018629 0.051872 
0.059443 0.049913 0.056618 0.021379 0.055240 
0.059683 0.048060 0.056239 0.023948 0.054505 
0.066643 0.055988 0.064408 0.023506 0.060303 
0.064583 0.055341 0.062358 0.021426 0.060720 
0.059964 0.050391 0.056738 0.015534 0.052644 
0.053030 0.044001 0.052626 0.013654 0.045762 
0.054939 0.046295 0.056118 0.014038 0.047071 
0.053554 0.043661 0.055288 0.013837 0.042907 
0.054414 0.045422 0.056047 0.012471 0.041218 
0.046371 0.038548 0.048057 0.008352 0.033536 
0.050192 0.042654 0.051477 0.005174 0.034865 
0.048837 0.040984 0.050483 0.004057 0.032928 
0.047225 0.038931 0.049630 0.003663 0.031832 
0.045876 0.037271 0.046536 0.004228 0.032920 
0.045126 0.035629 0.045435 0.002275 0.032796 
0.045861 0.037374 0.046294 0.001633 0.032322 
0.048352 0.037563 0.047274 0.001431 0.031788 
0.052276 0.040076 0.050566 0.000724 0.035731 
0.057325 0.046572 0.054480 0.000814 0.036098 
0.066042 0.056654 0.062140 0.000909 0.043437 
0.068006 0.059340 0.065152 0.000984 0.049797 
0.072794 0.064805 0.072435 0.001252 0.036794 
0.071903 0.064726 0.072542 0.001287 0.036888 
0.071786 0.063918 0.071911 0.001260 0.036642 
0.060578 0.052571 0.061858 0.000886 0.038157 
0.056141 0.047510 0.056868 0.000714 0.035556 
0.049842 0.043851 0.051388 0.000525 0.030734 
0.051242 0.046539 0.051246 0.000579 0.030387 
0.050635 0.041832 0.046889 0.000497 0.032503 
0.053211 0.038397 0.044263 0.000516 0.032623 
0.054799 0.037189 0.042122 0.000589 0.029311 
0.065052 0.043289 0.043985 0.000576 0.029228 
0.073232 0.046021 0.053922 0.000739 0.027372 
0.076980 0.053884 0.059961 0.000663 0.028843 
0.083280 0.064989 0.065129 0.000724 0.034808 
0.103106 0.075001 0.077668 0.000985 0.042433 
0.103813 0.074785 0.086005 0.000941 0.036065 
0.097769 0.069098 0.080994 0.000296 0.040220 
0.088577 0.061370 0.072186 0.000238 0.042058 
0.090979 0.063044 0.073752 0.000167 0.044765 
0.103593 0.077071 0.082414 0.000231 0.042001 
0.104880 0.074592 0.081875 0.000234 0.034047 
0.118817 0.085318 0.091735 0.000074 0.032927 
0.115307 0.080774 0.093388 0.000050 0.033384 
0.115593 0.080344 0.103743 0.000069 0.031180 
0.115892 0.083128 0.101393 0.000063 0.029116 
0.112309 0.071489 0.090858 0.000076 0.004393 
0.112159 0.071857 0.090740 0.000063 0.004342 
0.112755 0.071611 0.090011 0.000050 0.004348 
0.111890 0.071364 0.089877 0.000053 0.004138 
0.128473 0.090955 0.105449 0.000117 0.005764 
0.140884 0.089299 0.102503 0.000122 0.006959 
0.172447 0.084971 0.103328 0.000237 0.010104 
0.184660 0.076961 0.094145 0.000235 0.011531 
0.172076 0.080176 0.088579 0.000165 0.010235 
0.179141 0.067138 0.088758 0.000157 0.010259 
0.181260 0.060599 0.094447 0.000156 0.010505 
0.192550 0.066359 0.100085 0.000207 0.012480 
0.192133 0.064041 0.097326 0.000229 0.011995 
0.203236 0.067338 0.111577 0.000291 0.014540 
0.200208 0.057089 0.114736 0.000259 0.012910 
0.205871 0.068868 0.116523 0.000264 0.014950 
0.196851 0.073724 0.102346 0.000198 0.013210 
0.181419 0.079092 0.091598 0.000195 0.010238 
0.200359 0.069675 0.097172 0.000222 0.012515 
0.197122 0.061712 0.093905 0.000207 0.011351 
0.191885 0.054332 0.086876 0.000206 0.009919 
0.190499 0.053763 0.093069 0.000116 0.009839 
0.191246 0.058655 0.088648 0.000087 0.009604 
0.198206 0.054990 0.096643 0.000138 0.011255 
0.201058 0.053234 0.095594 0.000096 0.011593 
0.202773 0.013148 0.093782 0.000005 0.008084 
0.202202 0.013099 0.092471 0.000000 0.008069 
0.201483 0.013155 0.092745 0.000002 0.008194 
0.202934 0.012962 0.092950 0.000008 0.008113 
0.201541 0.013101 0.092749 0.000009 0.008142 
0.202021 0.013026 0.092848 0.000012 0.008072 
0.154300 0.005561 0.085943 0.000003 0.004853 
0.132363 0.003889 0.087339 0.000000 0.003534 
0.142153 0.004165 0.100000 0.000001 0.004460 
0.140076 0.003750 0.100445 0.000000 0.004256 
0.138123 0.003304 0.102408 0.000000 0.004028 
0.150693 0.003900 0.098273 0.000000 0.004553 
0.143575 0.002989 0.096444 0.000000 0.004325 
0.145438 0.003032 0.089528 0.000000 0.004638 
0.141812 0.002454 0.084439 0.000001 0.004171 
0.148453 0.003157 0.077833 0.000000 0.004425 
0.126539 0.002339 0.077814 0.000000 0.002880 
0.141226 0.002941 0.095106 0.000000 0.003904 
0.155402 0.003726 0.101551 0.000000 0.004936 
0.137559 0.002217 0.084392 0.000000 0.003436 
0.127191 0.002199 0.083505 0.000000 0.002800 
0.136872 0.002917 0.081692 0.000000 0.003203 
0.145192 0.002050 0.071433 0.000000 0.003178 
0.146153 0.001800 0.066270 0.000000 0.002902 
0.139649 0.001378 0.058783 0.000000 0.002546 
0.155166 0.001956 0.050879 0.000000 0.003247 
0.154516 0.001967 0.051484 0.000000 0.003264 
0.154764 0.001961 0.051019 0.000000 0.003394 
0.155326 0.002036 0.050803 0.000000 0.003358 
0.154149 0.001953 0.050568 0.000000 0.003219 
0.154180 0.001846 0.050425 0.000000 0.003289 
0.153674 0.001958 0.050116 0.000000 0.003231 
0.116974 0.001133 0.068690 0.000000 0.001663 
0.137827 0.001095 0.068923 0.000000 0.001876 
0.138397 0.000835 0.072623 0.000000 0.001400 
0.132909 0.000758 0.069509 0.000000 0.001484 
0.132316 0.000837 0.068970 0.000000 0.001475 
0.114019 0.000662 0.082050 0.000000 0.001206 
0.119210 0.000734 0.082788 0.000000 0.001169 
0.123379 0.000832 0.082624 0.000000 0.001308 
0.113890 0.000708 0.088345 0.000000 0.001145 
0.120796 0.000624 0.085976 0.000000 0.001140 
0.105711 0.000586 0.082135 0.000000 0.000922 
0.107932 0.000454 0.074070 0.000000 0.000857 
0.145035 0.000946 0.098591 0.000000 0.002028 
0.149894 0.001506 0.083406 0.000000 0.002339 
0.158596 0.001870 0.079732 0.000000 0.003013 
0.140663 0.001389 0.081536 0.000000 0.002283 
0.116346 0.000796 0.080169 0.000000 0.001800 
0.102672 0.000721 0.078058 0.000000 0.001502 
0.101710 0.000551 0.085350 0.000000 0.001508 
0.102375 0.000513 0.084863 0.000000 0.001507 
0.103005 0.000533 0.085232 0.000000 0.001507 
0.102170 0.000544 0.085756 0.000000 0.001508 
0.101133 0.000510 0.084762 0.000000 0.001571 
0.102805 0.000559 0.085154 0.000000 0.001531 
0.101240 0.000561 0.084249 0.000000 0.001618 
0.101925 0.000569 0.085551 0.000000 0.001478 
0.096887 0.000370 0.073564 0.000000 0.001431 
0.079311 0.000317 0.073741 0.000000 0.001044 
0.086900 0.000288 0.078873 0.000000 0.001142 
0.086068 0.000366 0.084243 0.000000 0.001100 
0.073990 0.000183 0.069923 0.000000 0.000800 
0.064549 0.000101 0.053343 0.000000 0.000538 
0.071461 0.000088 0.061477 0.000000 0.000691 
0.068526 0.000117 0.065112 0.000000 0.000682 
0.062803 0.000061 0.060332 0.000000 0.000567 
0.057109 0.000051 0.032763 0.000000 0.000246 
0.045338 0.000034 0.043568 0.000000 0.000196 
0.042302 0.000042 0.043742 0.000000 0.000184 
0.049100 0.000072 0.044807 0.000000 0.000250 
0.045022 0.000049 0.028359 0.000000 0.000161 
0.036042 0.000028 0.032424 0.000000 0.000112 
0.031739 0.000024 0.034641 0.000000 0.000127 
0.037127 0.000029 0.038226 0.000000 0.000143 
0.025999 0.000000 0.034838 0.000000 0.000088 
0.026003 0.000000 0.035844 0.000000 0.000083 
0.026092 0.000000 0.034815 0.000000 0.000097 
0.025393 0.000000 0.035165 0.000000 0.000111 
0.026094 0.000000 0.035848 0.000000 0.000096 
0.026560 0.000000 0.035543 0.000000 0.000099 
0.025753 0.000000 0.035731 0.000000 0.000090 
0.025824 0.000000 0.036200 0.000000 0.000091 
0.026089 0.000000 0.034998 0.000000 0.000089 
0.026036 0.000000 0.035011 0.000000 0.000093 
0.016569 0.000000 0.031112 0.000000 0.000041 
0.016489 0.000001 0.041855 0.000000 0.000076 
0.018512 0.000000 0.047759 0.000000 0.000090 
0.018040 0.000000 0.050431 0.000000 0.000090 
0.026014 0.000000 0.036664 0.000000 0.000071 
0.021747 0.000000 0.022391 0.000000 0.000025 
0.016444 0.000000 0.010507 0.000000 0.000004 
0.013411 0.000000 0.012891 0.000000 0.000002 
0.013691 0.000000 0.013437 0.000000 0.000004 
0.012352 0.000000 0.020217 0.000000 0.000004 
0.008779 0.000000 0.016228 0.000000 0.000005 
0.010706 0.000000 0.018197 0.000000 0.000005 
0.012627 0.000000 0.022520 0.000000 0.000004 
0.014101 0.000000 0.024146 0.000000 0.000012 
0.017981 0.000000 0.026837 0.000000 0.000013 
0.014494 0.000000 0.036374 0.000000 0.000015 
0.013994 0.000000 0.036169 0.000000 0.000025 
0.014493 0.000000 0.035898 0.000000 0.000020 
0.014363 0.000000 0.036015 0.000000 0.000025 
0.014725 0.000000 0.036036 0.000000 0.000022 
0.014338 0.000000 0.036079 0.000000 0.000018 
0.014499 0.000000 0.036572 0.000000 0.000020 
0.014723 0.000000 0.036598 0.000000 0.000022 
0.014193 0.000000 0.035717 0.000000 0.000029 
0.014846 0.000000 0.036359 0.000000 0.000020 
0.013919 0.000000 0.036157 0.000000 0.000017 
0.004924 0.000000 0.003221 0.000000 0.000000 
0.003753 0.000000 0.009331 0.000000 0.000000 
0.003461 0.000000 0.015137 0.000000 0.000000 
0.003613 0.000000 0.010301 0.000000 0.000000 
0.001664 0.000000 0.003900 0.000000 0.000000 
0.002682 0.000000 0.004945 0.000000 0.000000 
0.002955 0.000000 0.007312 0.000000 0.000000 
0.006627 0.000000 0.004722 0.000000 0.000000 
0.010437 0.000000 0.003703 0.000000 0.000000 
0.009666 0.000000 0.003196 0.000000 0.000000 
0.008025 0.000000 0.005611 0.000000 0.000000 
0.014030 0.000000 0.004884 0.000000 0.000001 
0.010996 0.000000 0.004488 0.000000 0.000000 
0.004888 0.000000 0.003061 0.000000 0.000000 
0.005144 0.000000 0.004157 0.000000 0.000000 
0.005075 0.000000 0.004052 0.000000 0.000000 
0.005093 0.000000 0.003932 0.000000 0.000000 
0.004919 0.000000 0.004002 0.000000 0.000000 
0.004945 0.000000 0.003811 0.000000 0.000000 
0.005041 0.000000 0.004048 0.000000 0.000000 
0.005121 0.000000 0.003832 0.000000 0.000000 
0.005018 0.000000 0.004019 0.000000 0.000000 
0.005073 0.000000 0.004058 0.000000 0.000000 
0.005079 0.000000 0.004169 0.000000 0.000000 
0.004946 0.000000 0.004075 0.000000 0.000000 
0.005088 0.000000 0.004014 0.000000 0.000000 
0.001094 0.000000 0.006840 0.000000 0.000000 
0.000215 0.000000 0.018154 0.000000 0.000000 
0.000000 0.000000 0.000000 0.000000 0.000000 
0.000000 0.000000 0.000000 0.000000 0.000000 
0.000000 0.000000 0.000000 0.000000 0.000000 
0.000000 0.000000 0.000000 0.000000 0.000000 
0.000000 0.000000 0.000000 0.000000 0.000000 
0.000000 0.000000 0.000000 0.000000 0.000000 
0.000000 0.000000 0.000000 0.000000 0.000000 
0.000000 0.000000 0.000000 0.000000 0.000000 
0.000000 0.000000 0.022130 0.000000 0.000000 
0.000000 0.000000 0.051771 0.000000 0.000000 
0.000000 0.000000 0.129991 0.000000 0.000000 
