IBDRY ENLAY HSEA DEO TSCDF WFC PEP NVS GBPEUR USDEUR CHFEUR 
100.000000 100.000000 100.000000 100.000000 100.000000 
97.971588 99.059206 102.269219 102.545536 98.124214 
96.274922 96.117635 101.274791 101.927842 96.923634 
97.394924 95.731815 103.172259 101.899384 99.836771 
95.661483 96.863988 105.896536 104.158328 99.661501 
95.091692 95.223413 103.829025 103.884486 102.767859 
97.234947 95.996418 105.234639 105.592241 103.433666 
95.747680 95.303107 106.555877 107.200109 102.189493 
97.313333 97.679813 105.377733 109.318207 101.467331 
95.542629 97.416515 107.117114 109.014314 102.137058 
93.802440 99.662758 107.203695 111.444555 99.433296 
93.735605 102.524438 107.097923 113.515313 96.224006 
96.356059 101.388665 105.724809 114.334795 94.566868 
96.662698 103.423805 106.540266 117.261719 96.284170 
100.889837 102.852530 107.490351 117.425178 96.603706 
99.553267 100.140565 107.095483 117.549502 100.859440 
99.006456 102.500308 107.945521 116.253172 97.705647 
100.229159 102.576724 102.626630 117.598646 96.849885 
101.107132 103.055704 105.264029 120.081280 95.041327 
99.717933 107.042527 102.417180 119.941814 98.259942 
96.364025 107.014065 100.792432 121.069726 96.549607 
98.102337 106.850430 98.924788 121.155286 98.617564 
94.911030 105.796906 99.413458 123.509958 99.141166 
97.279097 106.481682 102.635453 121.626680 98.826646 
99.436799 105.952475 101.854658 123.867360 98.699844 
99.363108 102.600037 99.186110 123.561622 99.717735 
98.307407 102.924134 96.480628 126.386532 98.231695 
96.969084 101.629177 97.835921 129.615689 96.459348 
94.863889 100.848837 99.856314 127.609280 97.442628 
94.583961 102.792408 100.796027 126.788039 97.949356 
91.953129 104.677547 101.252455 124.505574 99.220585 
94.147599 105.101809 101.044633 128.035283 101.217931 
96.075674 102.892589 101.673740 128.823663 99.183000 
92.373444 100.164218 100.820701 131.498139 100.164484 
92.106997 99.695294 95.964377 130.911278 100.126368 
92.125325 100.724838 95.414897 131.150026 101.400662 
92.218406 100.410304 91.907545 130.921727 103.808512 
90.441166 98.774748 93.546474 132.302258 105.945077 
89.683349 93.788627 91.750290 133.686409 105.383273 
89.577060 93.188796 92.323276 139.817630 107.841401 
89.752571 92.616546 91.262218 141.300448 108.244142 
89.036426 94.343879 89.411931 141.375815 108.302882 
91.200474 96.426131 86.393497 139.731892 105.372343 
92.376798 96.559061 85.172114 143.539382 103.768996 
92.915039 96.030597 85.126189 145.114558 105.172304 
90.628471 97.766677 84.333609 145.875094 107.311287 
91.731196 99.711821 84.894530 150.569568 107.299991 
92.988090 98.393014 84.342551 150.325791 112.358751 
95.693205 98.697745 84.590928 153.094787 116.916709 
96.696950 98.975074 86.231393 153.080416 115.585705 
95.691665 98.790338 88.899325 149.942442 119.129015 
95.889502 96.090013 88.463231 148.419865 116.789099 
94.314527 95.001698 89.306584 145.231869 114.289554 
94.028562 98.378095 89.114206 147.482995 112.346342 
93.437343 98.020889 87.533251 150.532004 111.129522 
94.035455 94.299208 86.625159 151.348901 110.929005 
95.509416 94.560050 84.127132 152.526385 113.166446 
95.232194 98.311638 81.556356 150.480612 109.869071 
92.854078 102.432164 80.257888 151.591012 109.300197 
90.712088 103.543424 78.185274 147.249138 112.585888 
91.466897 105.491632 76.024491 153.350466 117.380587 
89.264559 107.428061 78.418467 154.238984 121.577782 
91.516173 106.255892 80.318235 160.108695 123.178602 
95.949012 105.481736 81.356904 162.292958 123.139965 
97.193365 110.743256 82.277999 163.155238 124.332948 
94.934039 109.947253 84.647286 162.549149 127.224878 
94.126522 110.639060 84.355136 172.269455 123.966034 
93.644606 110.021827 83.270250 171.891665 120.885311 
94.521675 110.206404 83.447336 174.556237 120.546892 
97.021793 110.006410 83.919426 174.602508 124.952787 
95.258579 109.981738 83.335702 173.212526 127.469126 
96.173085 112.139741 84.277164 183.102937 130.682660 
96.160391 110.276121 85.404332 179.499103 129.713179 
93.788102 110.998592 88.247298 175.964279 130.997767 
94.885529 110.220877 88.042923 172.901952 132.470415 
93.390412 112.104676 84.330333 172.256188 132.472746 
94.261787 112.266022 86.930934 167.968089 133.821203 
97.322061 114.887709 83.917059 164.676369 135.341856 
96.506402 112.944064 86.614708 165.092772 137.904923 
97.929831 112.503501 87.065724 171.267939 136.484480 
99.400383 116.032908 84.586196 169.017267 134.420251 
102.284515 122.819659 82.638253 171.960380 135.764898 
102.949757 125.798462 80.222780 172.453958 135.737412 
102.306076 123.308128 79.706302 176.805355 133.109981 
101.197966 126.732044 79.259900 177.282949 131.729329 
100.056385 128.369982 80.338278 177.944255 132.418621 
102.353036 129.091851 80.892794 180.910344 134.757260 
101.935695 129.227290 80.668984 179.430399 133.370903 
104.004060 130.534721 82.737537 175.112580 134.119698 
101.551387 131.795018 83.308308 175.481458 135.048135 
104.461326 130.475441 83.784134 173.878644 132.916434 
104.384570 128.633416 81.655643 175.448908 130.591784 
102.297816 125.149581 80.536994 176.514582 133.383507 
102.783487 128.976076 80.521466 178.705780 137.929757 
101.354450 129.742688 79.992659 174.603137 136.749589 
99.480694 130.099120 78.895968 172.976237 136.392363 
97.776226 128.667876 79.818773 173.230912 136.837485 
98.212560 127.442499 79.168337 180.162131 137.437179 
99.246784 130.176470 80.443939 181.594370 138.900338 
99.343824 130.965299 80.355436 192.012809 139.324306 
99.571792 130.884210 79.660095 191.942845 144.268500 
97.713030 135.291431 78.204228 194.706695 144.570668 
97.928007 134.665902 77.450817 196.025923 140.417672 
94.946775 136.402464 77.495799 191.048970 139.724152 
96.430117 136.768627 78.828223 190.868652 142.224503 
92.382289 137.081727 79.666830 192.114595 141.450501 
90.315953 137.940808 78.778043 190.800022 141.541697 
87.271491 136.027097 79.163615 191.188646 137.757629 
89.276859 134.099169 81.774024 198.551708 132.689609 
89.114003 133.858116 81.796731 203.475189 129.764094 
89.378078 132.318752 82.374192 199.226669 125.728496 
91.395945 132.179967 81.767009 194.839992 125.320784 
90.271133 135.490318 81.500296 204.024213 122.577818 
90.305598 139.269203 80.416659 199.495295 123.841490 
89.987052 139.324763 79.804344 202.156499 121.351198 
91.006008 137.373091 78.558667 204.326238 125.989950 
87.618606 133.961602 78.766198 204.639657 124.541464 
90.107350 134.729393 81.810472 205.786901 123.276518 
92.337510 135.567292 82.858354 204.218216 123.460125 
89.634220 137.703179 79.992044 202.376323 120.227627 
88.232542 138.165045 80.230125 203.628799 121.336086 
89.726349 136.441330 80.007488 199.874157 124.320781 
91.072139 133.996164 78.227139 206.482566 120.734334 
91.378794 134.559892 77.322957 203.712506 116.858712 
90.634025 133.708260 76.062343 205.333831 114.303502 
93.320223 132.957650 74.382785 206.077222 116.469481 
92.995587 131.186824 74.545045 208.064995 121.142333 
92.884373 130.342096 75.248347 198.883968 124.834462 
91.252185 129.472553 75.263241 203.132906 121.088650 
89.826746 128.920210 76.735041 203.956591 122.153187 
87.612298 131.429030 74.821592 204.825298 122.696722 
88.313011 132.633809 77.016080 208.992918 119.504297 
86.948196 133.479353 78.347402 208.328870 119.952519 
90.708044 129.034760 78.703104 211.180836 112.717894 
91.249098 123.319226 79.495570 213.713888 107.783261 
90.088045 129.558380 79.036343 215.651414 107.165447 
90.127688 128.093182 78.871366 224.555667 109.267143 
86.971587 129.406580 81.128256 222.578643 110.488037 
87.959597 126.669442 81.401494 221.860900 109.823088 
88.559670 126.735430 81.350222 228.151968 112.570326 
87.190006 125.383503 82.609320 228.031247 110.974975 
88.335887 125.824739 82.152477 228.435788 108.830695 
85.929908 127.086044 81.656513 223.616719 110.823202 
86.754985 130.244787 80.944745 227.460557 111.908456 
92.072111 133.923764 84.739369 227.339446 112.400453 
92.913125 136.772939 82.406085 229.851405 114.527158 
94.196054 138.138319 81.618250 223.716193 116.431708 
90.888677 139.762864 81.853558 231.931628 119.136332 
87.749259 143.493431 81.773154 229.923500 117.786002 
85.651204 144.037027 81.400003 220.205691 119.763659 
85.531282 146.204336 82.393930 221.482523 118.873021 
85.430129 146.739467 81.695397 218.079670 121.978541 
84.527353 147.157712 80.440023 221.088244 119.738511 
84.735720 147.312655 78.075963 223.214274 117.477979 
85.081654 153.860187 78.472279 217.037490 119.577025 
84.468833 155.169486 76.737914 218.733134 120.826436 
85.508349 153.023827 78.632771 224.655247 120.497375 
86.520766 153.694905 79.226630 221.026736 121.748196 
84.961771 154.835987 81.156858 223.877795 127.409812 
82.526574 155.389655 81.181759 219.596155 127.760359 
83.733529 154.944535 82.139793 228.355562 125.010960 
83.775932 152.769664 83.001291 220.580258 124.200852 
82.149470 155.670472 80.910243 220.430505 124.661509 
80.761099 157.515984 78.346273 222.351278 124.415668 
81.813051 162.831633 79.891980 215.012938 123.538146 
81.464306 162.966402 80.383937 208.231080 128.099596 
80.619866 164.140966 79.868884 209.287811 128.889640 
80.694155 161.183917 75.931735 208.574991 129.373064 
78.672926 157.974976 77.950002 208.519774 125.657595 
78.070365 156.750379 78.112580 212.139283 126.788614 
79.362255 155.422086 78.281952 212.331818 129.439658 
78.721166 154.453121 74.822810 218.570851 129.541445 
76.889991 156.499886 75.809069 214.200289 130.626594 
75.955043 156.679608 76.260188 212.566703 128.746512 
77.148634 160.795206 77.097171 211.920836 128.670856 
74.557438 159.998735 76.396008 215.424088 130.079838 
75.338915 161.446780 75.551193 212.602303 125.563163 
75.472656 160.045588 75.916383 213.620715 125.328044 
73.714606 165.228601 73.753567 204.417365 126.855854 
75.713424 167.246769 73.128963 202.071201 123.335025 
72.251095 163.645253 73.950526 201.958065 122.685755 
71.690010 157.715100 75.746044 201.329415 123.485093 
73.039449 158.660061 76.930751 201.607964 122.962861 
72.276963 156.205210 77.217921 207.774350 121.316093 
72.906881 158.724774 77.170098 209.716766 121.391049 
73.329942 156.378672 76.791999 209.157262 124.356773 
73.511092 159.241337 79.227091 214.273745 124.786402 
74.149104 164.758508 80.478804 218.720237 123.341413 
74.409991 166.925741 80.929492 224.308502 118.777993 
76.909578 169.875111 78.761225 227.465307 121.261840 
75.773740 165.473957 75.650934 223.851047 123.772174 
75.964499 166.472611 73.663679 220.383397 126.454522 
75.089592 172.532234 74.448966 219.298019 125.554150 
75.074050 170.984252 74.697916 214.427551 125.006354 
74.578399 169.688508 76.869007 214.021254 126.099647 
72.994646 170.266261 75.538237 212.988357 124.952887 
73.909268 170.850924 76.150865 208.015571 124.351415 
74.635482 167.752973 77.269041 201.496271 123.857522 
75.273358 170.256366 77.753533 196.873516 123.654013 
76.506169 167.913655 78.509486 200.580707 118.865327 
75.284228 167.695218 80.245337 200.964093 121.575880 
74.061562 167.490076 77.646777 198.074500 118.618988 
73.087005 167.781205 77.238223 198.309243 117.257769 
73.058430 163.720840 75.919386 199.567255 119.778185 
73.791736 162.854500 75.431769 198.830369 125.824356 
72.176072 161.155556 76.235740 196.151200 125.927630 
72.240891 160.731756 76.064945 190.291628 125.536279 
72.010050 168.601152 73.797289 186.737547 123.630346 
71.246167 173.578940 74.460955 185.542720 119.548334 
70.977385 177.960063 73.638091 184.227227 121.797811 
72.568180 178.347272 73.769840 179.296822 122.125361 
73.338964 178.599214 71.438572 178.947076 120.016075 
72.622301 173.836116 75.618452 175.788295 117.945371 
72.527758 169.512788 77.968054 175.044124 116.106425 
72.971867 173.016163 76.527104 173.470817 119.072688 
73.920748 171.551031 76.145856 170.661667 118.834844 
75.522594 174.575258 76.904189 168.797247 119.526914 
75.584858 177.396162 78.147465 167.549037 115.976585 
78.128803 171.810994 76.796362 169.265792 116.389172 
79.793193 176.388779 76.022292 170.047053 114.835188 
79.469553 176.287900 75.661064 165.907812 112.867943 
78.768127 177.018985 77.282674 166.549736 111.581396 
80.805408 171.559437 76.809762 164.331232 115.640368 
79.970383 171.726963 76.611294 166.135428 116.659074 
77.162942 170.157020 75.567505 168.739531 118.373326 
77.274249 171.689537 76.285412 167.199331 119.972792 
77.437983 173.207379 77.200381 168.234198 117.752798 
77.935961 166.640625 78.007377 165.297387 118.041563 
77.591653 164.084721 77.670879 169.170601 116.861602 
75.958156 167.228428 76.312061 169.001719 116.773445 
77.032325 163.582383 76.926396 173.854643 117.907980 
77.341884 169.307807 77.887007 180.082999 110.189170 
76.048648 173.677466 77.244846 185.171322 112.278432 
75.986163 170.659165 76.034572 194.616710 114.380107 
74.846955 175.570685 77.531851 194.971695 112.637057 
73.829523 172.565864 78.873655 200.583825 115.101008 
75.314779 175.043127 79.983362 206.307239 115.153134 
78.298385 172.236157 82.123360 205.460309 115.143727 
75.876442 167.981222 85.422383 204.509567 116.040081 
75.029013 163.698970 87.272685 205.589950 121.156970 
75.677883 162.738832 84.639423 202.017693 120.215504 
72.971319 160.545035 84.006168 200.108459 122.405981 
74.393000 165.766027 85.387551 199.800335 119.913983 
74.294937 166.441901 87.231753 200.385842 123.563734 
76.993724 164.069958 87.768717 200.916597 122.942993 
77.229789 163.384857 88.358819 205.082707 123.139908 
77.077683 168.519236 89.727205 210.226602 122.651882 
77.464665 171.357891 91.085997 223.338144 123.894856 
76.882157 171.398877 92.343124 214.298396 121.063659 
75.541039 173.083512 95.832766 204.152170 123.647616 
74.871917 170.195486 94.500155 203.893476 122.632439 
