94.355264
94.347879
93.665565
94.259409
94.542535
94.449688
95.174574
95.012400
95.600177
95.534224
95.433425
95.427137
95.489258
96.216913
96.857378
97.016301
96.890699
96.642770
96.901613
97.322562
96.636384
96.995238
96.774356
97.412403
97.802697
97.522854
97.538057
97.230873
97.207220
97.372396
97.350714
97.734727
97.685902
97.351115
97.072048
97.164121
97.061206
97.092206
96.752262
96.901230
96.853846
96.798995
96.757213
96.731446
96.800667
96.802416
96.966518
97.116359
97.495217
97.645217
97.915667
97.935948
97.953576
97.533509
97.344746
97.176004
97.222444
97.136036
97.121932
97.051525
97.257514
97.454170
97.713906
98.123418
98.751194
98.803553
98.588576
98.282974
98.385850
98.893004
98.785620
99.294905
99.238278
99.333055
99.402149
99.014446
99.063083
99.079820
99.066585
99.916382
100.152653
101.127788
101.272100
100.877993
100.911564
100.899383
101.470928
101.380550
102.132434
101.804603
102.346814
101.945869
101.205332
101.698701
101.406793
101.007583
100.773480
100.777713
101.183866
101.222860
101.303259
101.305840
101.325974
101.388605
101.377461
101.379959
99.598518
99.112973
99.606645
99.600173
99.639208
99.908796
99.709439
99.595341
99.522666
99.570108
99.088349
99.695679
100.143838
99.453947
99.225932
99.421116
99.485074
99.463031
99.301967
99.645872
99.669739
99.662340
99.695069
99.693827
99.738476
99.731344
99.004059
99.496993
99.597974
99.396188
99.422178
99.208498
99.341868
99.406500
99.343706
99.446589
99.118512
99.039423
100.043180
99.965623
100.128231
99.689786
99.286287
99.093980
99.154265
99.173713
99.207932
99.228301
99.229028
99.268444
99.280160
99.303225
99.031771
98.811627
98.975246
99.047047
98.781075
98.541364
98.693898
98.700192
98.616204
98.349193
98.340003
98.336454
98.424418
98.304261
98.276234
98.288606
98.376456
98.298750
98.320254
98.334858
98.352604
98.379045
98.399190
98.416796
98.432042
98.452636
98.481938
98.399681
98.493962
98.553898
98.584490
98.567498
98.476410
98.409009
98.423260
98.447212
98.489694
98.480762
98.508941
98.560931
98.591984
98.640937
98.682350
98.707064
98.727365
98.745684
98.769815
98.788260
98.806425
98.831589
98.840009
98.863515
98.889313
98.742454
98.771134
98.805124
98.811467
98.813366
98.835527
98.858481
98.878237
98.904439
98.921836
98.942486
98.971890
98.984340
98.994328
99.015084
99.034044
99.053988
99.074436
99.093993
99.115062
99.134231
99.153830
99.172657
99.193755
99.212710
99.232879
99.247089
99.275212
99.284494
99.304353
99.324216
99.344083
99.363954
99.383829
99.403707
99.423590
99.443477
99.463367
99.483262
