97.713314
96.705335
96.916877
96.965079
97.729565
97.605357
99.537539
98.411242
99.262102
98.832546
99.753547
99.114025
97.261073
96.860335
96.333217
95.789251
95.710636
95.861899
95.053031
95.294820
96.324463
95.745453
97.206117
96.970301
97.211726
96.289394
96.363116
96.699552
97.518664
97.686287
97.689861
98.252243
97.813110
97.822843
97.634761
98.512928
97.450941
97.076366
97.097921
96.965513
97.279840
98.363076
96.997370
96.775874
96.221938
96.080359
95.699901
95.273320
94.458768
93.675026
94.016112
94.047130
94.086753
94.178856
94.446972
94.821444
94.309594
94.528326
94.696758
94.395753
94.179043
94.187275
93.284806
93.189224
92.509228
91.996558
92.010059
92.470022
92.805804
93.497606
93.434521
93.260777
92.556531
92.409918
92.241990
92.267235
92.291059
92.302267
92.330184
92.664776
92.447249
92.329089
92.275386
92.210343
92.084307
91.974855
92.323758
92.549227
92.242066
92.188986
92.336303
92.117568
92.245129
91.926155
91.793967
91.856706
92.034294
91.830089
91.964444
92.245552
92.326093
92.354570
92.372669
92.367084
92.401111
92.410521
93.464284
93.193357
93.159696
93.374138
93.318204
93.240985
93.594787
94.121328
94.241670
94.452568
94.179373
94.089317
95.114059
94.693626
94.696055
93.932745
93.845276
93.331348
93.347968
92.860694
92.876142
92.893544
92.937984
92.915044
92.980979
92.972853
93.086563
92.988350
92.815680
92.740833
92.730932
93.098551
93.348527
93.685346
93.945827
93.979925
94.020776
94.813433
94.970536
95.164224
95.778190
95.664146
95.505690
95.281787
95.079248
95.105491
95.116358
95.122398
95.152631
95.186974
95.192568
95.215639
98.951236
99.259757
98.355014
98.939032
98.196355
98.454950
98.735363
98.806063
98.241222
98.817710
98.517444
97.723181
97.499588
97.762029
97.515884
98.129622
99.440006
99.635534
99.651280
99.679324
99.700287
99.766923
99.754273
99.781838
99.809288
99.799858
99.847948
103.278288
102.175450
101.985386
103.519617
103.211043
103.434097
103.463797
103.316178
103.162668
104.091072
103.485327
103.528043
103.917282
103.938853
103.893372
103.992527
104.050671
104.057276
104.062689
104.077012
104.103091
104.146409
104.172532
104.169483
104.183708
104.241381
101.313781
102.134478
102.468943
103.021405
102.744549
101.803439
102.689516
102.152988
101.597741
101.666778
101.312315
101.686629
102.108819
102.031716
103.115249
103.143143
103.139013
103.164321
103.175215
103.212248
103.248621
103.254597
103.273560
103.295700
103.324426
103.340174
102.869513
103.591339
104.049687
103.563770
103.776283
103.016915
103.179074
103.325941
105.419897
106.368746
106.811484
106.219884
105.489948
