93.308296
94.608080
94.069050
94.170465
94.379157
97.282347
96.705841
95.493694
96.720352
96.051293
96.254377
97.898257
97.981432
97.271451
96.542569
95.530035
95.821342
96.294315
95.074085
95.152329
94.304726
95.544245
95.696850
95.112580
94.894111
96.006517
96.069707
96.450016
97.248172
97.492087
97.451265
96.408870
96.521360
96.995253
96.205825
95.888019
95.963718
95.657957
95.087882
94.985208
95.075505
94.935011
94.915334
95.555711
95.398963
95.196752
95.351739
95.416709
97.002544
97.422708
97.838273
97.912628
97.883693
100.356952
101.322138
100.888153
102.100412
100.628381
100.562487
98.575043
98.101161
98.630430
97.959932
97.276212
98.543811
99.021947
98.848051
99.764034
99.631615
100.635555
100.069906
100.110380
101.712546
102.436008
103.023719
102.894688
102.938147
102.885349
102.900519
101.007646
101.471964
100.927349
101.357446
101.710273
101.707655
101.506569
101.609528
101.122555
102.552870
102.563614
101.996546
101.477501
101.672849
101.540018
101.893452
102.387218
103.030073
102.274282
102.885482
101.155284
99.865223
99.885685
99.897284
99.889535
99.936731
99.915169
100.330540
100.379617
99.686708
98.788810
99.552541
99.034807
98.920174
100.161310
99.459151
98.854113
98.320491
98.415314
99.016079
98.678180
98.163133
98.294812
98.667324
98.330262
97.748865
97.657244
97.677498
97.640097
97.697668
97.666937
97.734920
97.734651
95.757722
95.777904
95.795847
96.136812
96.340773
96.594403
96.423958
96.485460
97.226737
96.587190
97.462863
96.934064
97.310824
98.835554
99.174936
98.883298
98.963443
98.397821
98.184097
98.263500
98.255494
98.245260
98.290354
98.333763
98.316333
98.349490
98.906892
98.089091
98.906073
99.524167
99.514806
100.603081
100.213246
100.565715
101.016817
100.357881
101.950994
102.012555
101.622714
101.283414
99.978665
99.147711
97.824370
97.369103
97.354458
97.400272
97.417792
97.424139
97.436578
97.485964
97.482581
97.494355
97.513149
99.678203
100.020444
100.251040
101.210845
102.139457
102.265725
103.019074
104.524661
106.466429
107.325825
105.828295
107.261439
112.711492
112.681539
112.919518
113.611152
113.644533
113.677190
113.738707
113.719213
113.724869
113.793590
113.796664
113.837649
113.832110
113.877326
115.683622
115.835910
116.992120
117.778952
118.133491
119.215233
117.821862
117.155667
117.775574
115.279524
115.381694
115.271258
116.976240
117.139932
117.647443
117.650787
117.689657
117.699473
117.718288
117.771503
117.778967
117.804082
117.822643
117.857084
117.847562
117.887060
117.413891
115.781298
112.966826
113.229740
114.496527
115.671403
114.648598
112.607779
114.738128
117.887093
115.452351
114.806448
110.191661
